models/Code Examples/GIS/data/local-elevation.asc
ncols 195
nrows 195
xllcorner -84.355652
yllcorner 39.177963
cellsize 0.000093
NODATA_value -9999
[rows 136 to 169 of 195, columns 0 to 76 of 195]
250.7 251.2 251.7 252.1 252.6 253.1 253.4 254.0 254.3 254.6 254.9 255.2 255.5 255.8 255.8 255.8 255.8 255.8 255.9 255.9 255.9 255.9 255.9 255.9 255.9 255.9 255.9 256.1 256.1 256.1 256.1 256.1 256.3 256.4 256.4 256.4 256.6 256.6 256.7 256.9 256.9 256.9 256.9 256.9 256.6 256.6 256.6 256.6 256.6 256.4 256.3 256.0 255.4 254.2 252.5 251.0 249.7 249.4 249.9 250.8 252.0 253.4 254.7 255.6 256.0 256.3 256.3 255.9 255.6 254.9 253.9 252.7 251.2 249.7 248.3 247.0 246.2
250.4 250.6 251.2 251.7 252.2 252.9 253.4 254.0 254.3 254.6 254.9 255.2 255.5 255.6 255.8 255.8 255.8 255.8 255.8 255.8 255.8 255.8 255.8 255.8 255.8 255.8 255.8 255.9 255.9 255.9 256.1 256.1 256.4 256.4 256.4 256.6 256.7 256.9 256.9 257.2 257.2 257.2 257.2 257.2 256.9 256.9 256.9 256.7 256.7 256.4 256.3 255.6 255.1 253.8 252.3 250.9 249.9 249.5 250.2 251.1 252.3 253.8 255.1 255.8 256.3 256.6 256.6 256.3 256.0 255.6 254.7 253.5 252.2 250.4 248.9 247.6 246.7
250.1 250.1 250.7 251.4 252.2 252.7 253.4 254.0 254.3 254.6 254.9 255.2 255.5 255.5 255.6 255.8 255.8 255.8 255.8 255.8 255.8 255.8 255.8 255.8 255.8 255.8 255.8 255.8 255.8 255.8 256.1 256.1 256.4 256.4 256.4 256.7 256.9 257.0 257.2 257.5 257.5 257.5 257.5 257.5 257.2 257.2 257.1 256.7 256.8 256.5 256.1 255.5 254.5 253.5 252.1 251.3 250.6 250.2 250.7 251.6 252.6 254.2 255.2 256.0 256.4 256.7 256.7 256.6 256.3 256.0 255.3 254.1 252.7 251.0 249.7 248.4 247.5
249.8 249.8 250.4 251.1 252.0 252.8 253.4 254.0 254.3 254.6 254.9 255.2 255.3 255.5 255.5 255.6 255.8 255.8 255.8 255.8 255.8 255.6 255.6 255.6 255.6 255.8 255.8 255.8 255.8 255.8 255.9 256.1 256.4 256.4 256.6 256.7 257.0 257.2 257.5 257.8 257.8 257.8 257.8 257.8 257.5 257.5 257.0 256.7 256.6 256.3 256.0 255.3 254.3 253.4 252.5 251.9 251.3 251.2 251.3 252.1 252.9 254.3 255.4 256.1 256.4 256.7 256.9 256.9 256.6 256.3 255.7 254.7 253.0 251.4 250.4 249.3 248.8
249.7 249.7 250.1 250.7 251.6 252.8 253.4 254.0 254.3 254.6 254.9 255.0 255.2 255.5 255.5 255.5 255.6 255.6 255.6 255.6 255.6 255.5 255.5 255.5 255.5 255.6 255.6 255.8 255.8 255.8 255.8 256.1 256.4 256.6 256.7 256.9 257.2 257.5 257.8 258.1 258.1 258.1 258.1 258.1 257.8 257.6 257.2 256.7 256.2 255.9 255.6 255.2 254.3 253.5 252.9 252.5 252.1 251.9 251.9 252.1 253.1 254.3 255.5 256.1 256.4 256.7 257.0 257.0 256.7 256.6 256.0 255.1 253.5 252.1 251.2 250.5 250.1
249.7 249.7 250.0 250.6 251.5 252.6 253.4 253.8 254.3 254.4 254.7 254.9 255.2 255.3 255.3 255.5 255.5 255.5 255.5 255.5 255.5 255.5 255.5 255.5 255.5 255.5 255.5 255.8 255.8 255.8 255.8 256.1 256.4 256.7 256.7 257.0 257.3 257.8 258.1 258.2 258.5 258.4 258.4 258.4 258.1 257.8 257.3 256.7 256.1 255.8 255.5 255.2 254.4 254.0 253.6 253.3 253.0 252.7 252.5 252.5 253.0 254.2 255.3 256.1 256.6 256.9 257.0 257.0 256.7 256.7 256.1 255.2 253.7 252.7 252.0 251.3 251.4
249.7 249.9 250.2 250.8 251.7 252.4 253.4 253.7 254.3 254.3 254.6 254.7 255.0 255.0 255.0 255.3 255.3 255.3 255.3 255.3 255.3 255.5 255.5 255.5 255.5 255.5 255.5 255.6 255.8 255.8 255.8 256.1 256.4 256.7 256.9 257.2 257.5 257.9 258.3 258.4 258.5 258.8 258.7 258.7 258.5 258.2 257.5 256.9 256.1 255.8 255.5 255.4 255.0 254.9 254.7 254.4 254.1 253.6 253.3 253.1 253.4 254.4 255.4 256.1 256.7 257.0 257.0 257.0 256.9 256.7 256.3 255.2 253.9 252.8 252.4 251.9 252.4
250.1 250.2 250.5 251.1 252.0 252.6 253.4 253.7 254.1 254.3 254.4 254.6 254.7 254.9 254.9 255.0 255.2 255.2 255.2 255.2 255.2 255.3 255.3 255.3 255.3 255.5 255.5 255.5 255.8 255.8 255.8 256.1 256.4 256.7 257.0 257.3 257.6 258.1 258.2 258.5 258.7 258.9 259.1 259.1 258.6 258.3 257.7 257.0 256.3 255.8 255.7 255.5 255.4 255.4 255.6 255.5 255.2 254.7 254.2 253.9 254.2 254.8 255.5 256.1 256.7 257.0 257.0 257.2 257.0 256.7 256.5 255.2 254.0 252.9 252.6 252.7 253.3
250.5 250.7 251.0 251.6 252.3 253.0 253.4 253.7 254.0 254.1 254.3 254.4 254.6 254.7 254.7 254.9 255.0 255.0 255.0 255.0 255.2 255.2 255.2 255.2 255.2 255.5 255.5 255.7 255.8 255.8 255.8 256.1 256.4 256.7 257.0 257.3 257.8 258.3 258.4 258.7 258.9 259.1 259.2 259.2 258.5 258.3 257.6 257.2 256.6 256.0 256.0 255.7 255.7 255.7 256.0 256.0 255.9 255.6 255.2 254.9 255.0 255.0 255.7 256.1 256.7 257.0 257.2 257.4 257.2 256.7 256.4 255.4 254.3 253.6 253.5 253.8 254.4
250.8 251.1 251.4 252.1 252.5 253.1 253.4 253.7 253.8 254.0 254.3 254.3 254.4 254.4 254.6 254.7 254.9 254.9 254.9 254.9 255.0 255.2 255.2 255.2 255.2 255.5 255.5 255.8 255.8 255.8 256.0 256.3 256.6 256.9 257.2 257.5 257.9 258.2 258.6 258.9 259.1 259.2 259.2 259.2 258.8 258.2 257.8 257.3 256.9 256.3 256.3 256.0 256.0 256.0 256.3 256.3 256.3 256.0 255.7 255.6 255.4 255.5 255.8 256.3 256.7 257.0 257.3 257.3 257.3 256.7 256.4 255.5 255.0 254.6 254.6 254.9 255.5
251.1 251.4 251.7 252.1 252.4 253.1 253.3 253.7 253.9 254.0 254.3 254.3 254.3 254.3 254.6 254.6 254.7 254.9 254.9 254.9 254.9 255.0 255.2 255.2 255.2 255.5 255.5 255.8 255.8 255.8 256.1 256.4 256.7 257.0 257.3 257.7 258.1 258.4 258.6 258.9 259.2 259.2 259.2 259.2 258.9 258.5 257.9 257.5 257.2 256.6 256.6 256.3 256.3 256.5 256.6 256.6 256.6 256.5 256.2 256.0 255.8 256.2 256.1 256.8 257.1 257.4 257.5 257.3 257.3 256.9 256.4 255.7 255.4 255.1 255.3 255.6 256.0
251.4 251.7 252.1 252.3 252.6 253.1 253.6 253.9 254.0 254.2 254.3 254.5 254.5 254.5 254.6 254.6 254.8 254.9 254.9 254.9 254.9 255.1 255.2 255.2 255.2 255.5 255.5 255.8 255.8 255.8 256.1 256.4 256.7 257.0 257.3 257.6 258.3 258.6 258.6 258.9 259.0 259.2 259.2 259.2 258.9 258.6 258.1 257.9 257.3 256.9 256.9 256.8 256.8 256.9 256.9 256.9 256.9 256.9 256.8 256.7 256.7 256.8 256.9 257.4 257.7 258.0 257.8 257.5 257.5 257.0 256.4 255.8 255.5 255.6 255.7 256.0 256.3
251.7 251.8 252.1 252.5 252.8 253.0 253.7 254.0 254.2 254.3 254.5 254.6 254.6 254.6 254.8 254.8 254.9 254.9 255.1 255.1 255.1 255.2 255.2 255.2 255.2 255.5 255.5 255.8 255.8 255.8 256.1 256.6 256.9 257.2 257.5 257.8 258.2 258.6 258.6 258.9 258.9 259.2 259.2 259.0 258.9 258.6 258.3 258.0 257.5 257.4 257.2 257.2 257.2 257.2 257.2 257.2 257.2 257.4 257.4 257.4 257.4 257.6 257.9 258.2 258.5 258.4 258.3 258.0 257.8 257.4 256.8 256.4 256.0 256.0 256.0 256.3 256.4
251.8 252.0 252.3 252.4 252.7 253.2 253.8 254.1 254.5 254.5 254.6 254.8 254.8 254.8 254.9 255.1 255.1 255.1 255.2 255.2 255.2 255.2 255.2 255.2 255.2 255.5 255.5 255.8 255.8 255.8 256.3 256.7 257.0 257.3 257.6 258.0 258.2 258.6 258.6 258.9 258.9 259.2 259.0 258.9 258.9 258.6 258.2 257.9 257.8 257.8 257.7 257.7 257.7 257.7 257.7 257.7 257.7 257.8 257.8 257.8 258.0 258.3 258.6 258.8 258.9 258.7 258.8 258.5 258.1 257.8 257.2 256.9 256.8 256.5 256.5 256.6 256.6
252.0 252.1 252.4 252.6 252.9 253.5 254.1 254.6 254.8 254.8 254.8 254.9 254.9 254.9 255.1 255.2 255.2 255.2 255.4 255.4 255.4 255.4 255.4 255.4 255.4 255.5 255.5 255.8 255.8 256.0 256.4 256.9 257.2 257.5 257.8 257.9 258.2 258.6 258.5 258.9 258.9 259.0 258.9 258.9 258.9 258.5 258.4 258.1 258.1 258.1 258.1 258.1 258.1 258.1 258.1 258.1 258.1 258.1 258.1 258.3 258.4 258.7 259.1 259.1 259.1 259.1 259.1 258.7 258.6 258.3 257.7 257.4 257.2 257.1 257.1 257.1 257.1
252.3 252.3 252.6 252.9 253.4 254.0 254.6 255.3 255.3 255.1 255.1 255.1 255.1 255.1 255.2 255.4 255.4 255.4 255.5 255.5 255.5 255.5 255.5 255.5 255.5 255.5 255.5 255.8 255.8 256.1 256.6 257.2 257.5 257.8 258.1 258.1 258.2 258.5 258.7 258.9 258.9 258.9 258.9 258.9 258.9 258.8 258.8 258.4 258.4 258.4 258.4 258.4 258.4 258.4 258.4 258.4 258.4 258.4 258.4 258.6 258.8 259.1 259.2 259.2 259.2 259.2 259.2 259.1 259.1 258.8 258.2 257.8 257.7 257.5 257.5 257.5 257.5
252.6 252.6 252.9 253.2 254.0 254.9 255.3 255.7 255.7 255.4 255.4 255.4 255.4 255.4 255.4 255.5 255.7 255.7 255.7 255.7 255.7 255.7 255.7 255.5 255.5 255.5 255.7 255.8 256.0 256.4 257.1 257.5 258.0 258.1 258.4 258.4 258.4 258.7 258.9 258.8 258.8 258.8 259.1 258.8 258.8 258.9 258.9 258.8 258.8 258.8 258.7 258.7 258.7 258.7 258.7 258.7 258.7 258.7 258.7 258.7 258.8 259.2 259.2 259.2 259.4 259.4 259.2 259.2 259.2 258.9 258.5 258.1 258.1 258.0 258.0 258.0 258.0
253.1 253.1 253.4 253.9 254.6 255.4 255.9 256.0 256.0 255.7 255.5 255.5 255.5 255.5 255.7 255.7 255.8 255.8 255.8 255.8 255.8 255.8 255.8 255.7 255.7 255.9 256.2 256.1 256.4 257.1 257.7 258.2 258.4 258.6 258.7 258.7 258.7 258.9 258.8 259.1 259.1 259.1 259.2 259.1 259.1 259.1 258.8 258.9 258.9 258.9 259.1 259.1 259.1 259.1 259.1 259.1 259.1 259.1 259.1 259.1 259.1 259.2 259.2 259.2 259.3 259.3 259.2 259.2 259.2 258.9 258.6 258.4 258.4 258.4 258.4 258.4 258.4
253.9 254.1 254.4 254.8 255.3 255.9 256.3 256.3 256.1 256.0 255.7 255.7 255.7 255.7 255.8 255.8 256.0 256.0 256.0 256.0 256.0 256.0 256.0 256.2 256.2 256.3 256.6 256.8 257.3 257.7 258.3 258.8 258.9 259.1 259.1 259.1 259.1 259.1 259.1 259.2 259.2 259.2 259.2 259.2 259.2 259.2 259.1 259.1 259.1 259.1 259.2 259.2 259.2 259.2 259.2 259.2 259.2 259.2 259.2 259.2 259.2 259.2 259.2 259.2 259.2 259.2 259.2 259.2 259.2 258.8 258.7 258.7 258.7 258.7 258.7 258.7 258.7
254.9 255.0 255.3 255.6 255.9 256.3 256.4 256.4 256.3 256.3 256.0 256.0 256.0 256.0 256.0 256.0 256.1 256.3 256.3 256.3 256.3 256.3 256.3 256.6 256.6 256.8 257.1 257.4 257.9 258.3 258.8 259.1 259.2 259.2 259.2 259.2 259.2 259.2 259.2 259.2 259.2 259.2 259.2 259.2 259.2 259.2 259.2 259.2 259.2 259.2 259.2 259.2 259.2 259.2 259.2 259.2 259.2 259.2 259.2 259.2 259.2 259.2 259.1 259.1 259.2 259.2 259.2 259.2 259.2 259.1 259.1 259.1 259.1 259.1 259.1 259.1 259.1
255.6 255.8 255.9 256.0 256.3 256.6 256.6 256.6 256.6 256.4 256.3 256.3 256.3 256.3 256.3 256.3 256.3 256.4 256.6 256.6 256.6 256.6 256.6 256.9 256.9 257.0 257.3 257.7 258.0 258.6 258.9 259.2 259.2 259.2 259.2 259.2 259.2 259.2 259.2 259.2 259.2 259.2 259.2 259.2 259.2 259.2 259.2 259.2 259.2 259.2 259.2 259.2 259.2 259.2 259.2 259.2 259.2 259.2 259.2 259.2 259.2 259.2 259.4 259.4 259.1 259.2 259.2 259.2 259.2 259.2 259.2 259.2 259.2 259.2 259.2 259.2 259.2
256.2 256.3 256.3 256.3 256.6 256.7 256.7 256.7 256.7 256.6 256.6 256.6 256.6 256.6 256.6 256.6 256.6 256.6 256.9 256.9 256.9 256.9 257.1 257.2 257.2 257.2 257.5 257.6 257.9 258.6 258.9 259.0 259.2 259.2 259.2 259.2 259.2 259.2 259.2 259.2 259.2 259.2 259.2 259.2 259.2 259.2 259.2 259.2 259.2 259.2 259.2 259.2 259.2 259.2 259.4 259.4 259.1 259.1 259.1 259.1 259.1 259.4 259.5 259.5 259.4 259.2 259.2 259.2 259.2 259.2 259.2 259.2 259.2 259.2 259.1 259.1 259.1
256.6 256.6 256.6 256.6 256.7 256.9 256.9 256.9 256.9 256.9 256.9 256.9 256.9 256.9 256.9 256.9 256.9 256.9 257.0 257.0 257.2 257.2 257.6 257.5 257.5 257.5 257.7 257.6 257.9 258.4 258.7 258.9 259.0 259.0 259.2 259.2 259.2 259.2 259.2 259.2 259.2 259.2 259.2 259.2 259.2 259.2 259.2 259.2 259.2 259.2 259.2 259.1 259.1 259.4 259.5 259.5 259.4 259.4 259.4 259.4 259.4 259.5 259.5 259.5 259.5 259.2 259.1 259.2 259.2 259.2 259.2 259.2 259.2 259.1 259.4 259.4 259.4
256.7 256.7 256.9 256.9 256.9 257.0 257.0 257.0 257.0 257.2 257.2 257.2 257.2 257.2 257.2 257.2 257.2 257.2 257.2 257.4 257.5 257.5 257.6 257.6 257.6 257.6 257.6 257.8 257.9 258.2 258.6 258.7 258.9 258.9 259.0 259.2 259.2 259.2 259.2 259.2 259.2 259.2 259.2 259.2 259.2 259.2 259.2 259.2 259.2 259.2 259.2 259.4 259.4 259.5 259.5 259.5 259.5 259.5 259.5 259.5 259.5 259.5 259.5 259.5 259.5 259.4 259.4 259.1 259.1 259.2 259.2 259.2 259.1 259.4 259.5 259.5 259.5
256.9 256.9 257.0 257.0 257.0 257.0 257.2 257.2 257.2 257.3 257.3 257.3 257.3 257.5 257.5 257.5 257.5 257.7 257.7 257.8 257.8 257.8 257.8 257.8 257.8 257.8 257.8 257.9 258.0 258.3 258.3 258.5 258.7 258.9 258.9 259.0 259.0 259.0 259.2 259.2 259.2 259.2 259.2 259.2 259.2 259.2 259.2 259.2 259.2 259.2 259.2 259.5 259.5 259.5 259.5 259.5 259.5 259.5 259.5 259.5 259.5 259.5 259.5 259.5 259.5 259.5 259.5 259.4 259.4 259.1 259.2 259.2 259.4 259.5 259.5 259.5 259.5
257.0 257.0 257.2 257.2 257.2 257.2 257.3 257.3 257.3 257.5 257.5 257.5 257.5 257.6 257.6 257.8 257.8 258.2 258.1 258.1 258.1 258.1 258.1 258.1 258.1 258.1 258.1 258.1 258.1 258.2 258.4 258.6 258.6 258.6 258.9 258.9 258.9 258.9 259.2 259.2 259.2 259.2 259.2 259.2 259.2 259.2 259.2 259.2 259.2 259.2 259.2 259.3 259.3 259.5 259.5 259.5 259.5 259.5 259.5 259.5 259.5 259.5 259.5 259.5 259.5 259.5 259.5 259.5 259.5 259.4 259.4 259.4 259.5 259.5 259.5 259.5 259.5
257.2 257.2 257.4 257.4 257.3 257.3 257.5 257.5 257.5 257.7 257.6 257.6 257.8 257.8 257.8 257.9 258.2 258.2 258.5 258.4 258.4 258.4 258.4 258.4 258.4 258.4 258.4 258.4 258.4 258.4 258.5 258.6 258.7 258.7 258.9 258.9 258.9 258.8 259.2 259.2 259.2 259.2 259.2 259.2 259.2 259.2 259.2 259.2 259.2 259.2 259.2 259.2 259.2 259.5 259.5 259.5 259.5 259.5 259.5 259.5 259.5 259.5 259.5 259.5 259.5 259.5 259.5 259.5 259.5 259.5 259.5 259.5 259.5 259.5 259.5 259.5 259.5
257.3 257.3 257.3 257.3 257.3 257.5 257.7 257.6 257.6 257.6 257.8 257.8 257.9 258.2 258.2 258.1 258.2 258.4 258.5 258.8 258.8 258.8 258.8 258.8 258.7 258.7 258.7 258.7 258.7 258.7 258.7 258.7 258.9 258.9 258.8 258.8 258.8 259.1 259.2 259.2 259.2 259.2 259.2 259.2 259.2 259.2 259.2 259.2 259.2 259.2 259.2 259.2 259.2 259.3 259.5 259.5 259.5 259.5 259.5 259.5 259.5 259.5 259.5 259.5 259.5 259.5 259.5 259.5 259.5 259.5 259.5 259.5 259.5 259.5 259.5 259.3 259.3
257.3 257.3 257.5 257.5 257.5 257.7 257.6 257.8 257.8 257.8 257.9 258.2 258.1 258.3 258.2 258.2 258.4 258.5 258.7 258.9 258.9 258.9 258.9 258.9 259.1 259.1 259.1 259.1 259.1 259.1 259.1 259.1 259.1 259.1 259.1 259.1 259.1 259.2 259.2 259.2 259.2 259.2 259.2 259.2 259.2 259.2 259.2 259.2 259.2 259.2 259.2 259.2 259.2 259.2 259.3 259.3 259.5 259.5 259.5 259.5 259.5 259.5 259.5 259.5 259.5 259.5 259.5 259.5 259.5 259.5 259.5 259.5 259.5 259.3 259.3 259.2 259.2
257.3 257.5 257.7 257.7 257.7 257.6 257.8 258.0 257.9 257.9 258.1 258.3 258.3 258.2 258.4 258.4 258.6 258.7 258.9 258.9 258.9 258.8 259.1 259.1 259.2 259.2 259.2 259.2 259.2 259.2 259.2 259.2 259.2 259.2 259.2 259.2 259.2 259.2 259.2 259.2 259.1 259.1 259.1 259.1 259.1 259.1 259.1 259.2 259.2 259.2 259.2 259.2 259.2 259.2 259.2 259.2 259.3 259.5 259.5 259.5 259.5 259.5 259.5 259.5 259.5 259.5 259.5 259.5 259.5 259.5 259.5 259.5 259.5 259.2 259.2 259.2 259.2
257.5 257.7 257.6 257.6 257.6 257.8 258.0 257.9 258.1 258.1 258.3 258.2 258.2 258.4 258.6 258.6 258.5 258.9 258.9 258.9 258.8 259.1 259.2 259.2 259.2 259.2 259.2 259.2 259.2 259.2 259.2 259.2 259.2 259.2 259.2 259.2 259.2 259.2 259.1 259.1 259.4 259.4 259.4 259.4 259.4 259.4 259.4 259.2 259.2 259.2 259.2 259.2 259.2 259.2 259.2 259.2 259.2 259.3 259.5 259.5 259.5 259.5 259.5 259.5 259.5 259.5 259.5 259.5 259.5 259.5 259.5 259.3 259.3 259.2 259.2 259.2 259.2
257.7 257.6 257.6 257.6 257.8 258.0 257.9 258.1 258.3 258.3 258.3 258.4 258.4 258.6 258.5 258.5 258.7 258.9 258.9 258.8 259.1 259.2 259.2 259.2 259.2 259.2 259.2 259.2 259.2 259.2 259.2 259.2 259.1 259.1 259.1 259.1 259.1 259.1 259.4 259.4 259.5 259.5 259.5 259.5 259.5 259.5 259.5 259.2 259.2 259.2 259.2 259.2 259.2 259.2 259.2 259.2 259.2 259.2 259.3 259.3 259.5 259.5 259.5 259.5 259.5 259.5 259.5 259.5 259.5 259.5 259.3 259.2 259.2 259.2 259.2 259.2 259.2
257.6 257.6 257.8 257.8 258.0 257.9 258.1 258.3 258.3 258.3 258.4 258.6 258.5 258.7 258.8 258.8 258.9 258.9 258.9 259.1 259.2 259.2 259.2 259.2 259.2 259.2 259.2 259.2 259.2 259.1 259.1 259.1 259.4 259.4 259.4 259.4 259.4 259.4 259.5 259.5 259.5 259.5 259.5 259.5 259.5 259.5 259.5 259.4 259.2 259.2 259.2 259.2 259.2 259.2 259.2 259.2 259.2 259.2 259.2 259.2 259.3 259.5 259.5 259.5 259.5 259.5 259.5 259.5 259.3 259.3 259.2 259.2 259.2 259.2 259.2 259.2 259.2
257.8 257.8 257.9 257.9 257.9 258.1 258.3 258.3 258.2 258.4 258.6 258.5 258.7 258.9 258.9 258.9 258.9 258.9 258.8 259.2 259.2 259.2 259.2 259.2 259.2 259.2 259.2 259.2 259.1 259.4 259.4 259.4 259.5 259.5 259.5 259.5 259.5 259.5 259.5 259.5 259.5 259.5 259.5 259.5 259.5 259.5 259.5 259.5 259.2 259.2 259.2 259.2 259.2 259.2 259.2 259.2 259.2 259.2 259.2 259.2 259.2 259.3 259.5 259.3 259.3 259.3 259.3 259.3 259.2 259.2 259.2 259.2 259.2 259.2 259.2 259.2 259.2
