models/Code Examples/GIS/data/local-elevation.asc
ncols 195
nrows 195
xllcorner -84.355652
yllcorner 39.177963
cellsize 0.000093
NODATA_value -9999
[rows 0 to 33 of 195, columns 77 to 153 of 195]
243.2 242.7 242.0 241.6 241.0 240.4 239.6 239.0 238.4 237.8 236.9 236.2 235.0 234.1 233.4 232.3 231.4 230.5 230.0 229.5 228.9 228.3 228.0 227.3 227.0 226.6 226.3 225.9 225.6 225.2 224.9 224.6 224.3 224.0 223.7 223.5 223.2 222.6 221.8 221.0 219.8 218.6 217.1 215.8 214.4 213.7 213.1 213.1 213.1 213.1 213.1 213.1 213.1 213.1 213.8 214.3 214.7 215.0 215.3 214.8 214.5 214.1 213.6 213.0 213.3 213.9 214.9 216.0 217.3 218.6 219.8 221.1 222.0 223.2 224.1 225.1 225.9
242.7 242.0 241.4 241.0 240.3 239.7 239.0 238.4 237.8 237.2 236.3 235.7 234.6 233.7 232.9 231.9 231.0 229.9 229.0 228.2 227.6 227.0 226.7 226.3 226.0 225.9 225.8 225.5 224.9 224.7 224.4 224.1 223.8 223.5 223.0 222.5 222.3 221.5 220.5 219.6 218.4 217.2 215.6 214.5 213.7 213.2 213.1 213.1 213.1 213.1 213.1 213.1 213.1 213.4 214.4 215.0 215.8 216.3 216.6 216.5 216.2 215.7 215.1 214.3 213.9 214.0 214.6 215.3 216.2 217.2 218.3 219.5 220.4 221.6 222.7 224.0 225.3
242.0 241.5 240.9 240.2 239.6 239.0 238.4 237.8 237.2 236.6 235.6 235.0 234.4 233.4 232.5 231.6 230.5 229.2 228.3 227.4 226.6 226.0 225.6 225.4 225.3 225.3 225.1 225.0 224.6 224.1 223.8 223.5 223.0 222.5 221.9 221.2 220.7 219.7 218.8 217.7 216.7 215.4 214.2 213.4 213.2 213.1 213.1 213.1 213.1 213.1 213.1 213.2 213.8 214.4 215.1 215.9 216.9 217.7 218.0 218.0 217.9 217.6 217.0 216.0 215.2 215.0 214.9 215.2 215.6 216.3 217.1 218.1 219.3 220.3 221.5 222.9 224.4
241.5 240.6 240.0 239.4 238.8 238.2 237.8 237.2 236.6 236.0 235.0 234.5 233.7 232.7 232.0 231.1 229.9 228.8 227.7 227.0 226.0 225.4 225.1 224.6 224.6 224.7 224.4 224.2 224.0 223.3 223.0 222.7 222.1 221.3 220.3 219.2 218.6 217.7 216.8 215.7 214.7 213.9 213.3 213.1 213.1 213.1 213.1 213.1 213.1 213.3 213.6 214.1 215.0 215.7 216.4 217.2 218.1 219.0 219.3 219.5 219.5 219.2 218.6 217.9 217.1 216.4 215.9 215.7 215.6 216.1 216.7 217.4 218.3 219.2 220.4 222.2 223.9
240.6 239.9 239.3 238.7 238.1 237.5 237.2 236.6 235.7 235.2 234.5 233.7 232.7 232.0 231.2 230.5 229.2 228.3 227.3 226.7 225.9 225.3 225.0 224.4 224.2 223.9 223.6 223.1 222.6 222.2 221.7 221.4 220.9 219.7 218.5 217.2 216.4 215.7 214.5 214.0 213.4 213.2 213.1 213.1 213.1 212.9 212.9 212.9 213.1 213.6 214.4 215.4 216.3 216.9 217.8 218.6 219.5 220.4 220.7 221.0 221.2 220.9 220.5 219.7 219.1 218.3 217.5 216.8 216.5 216.4 216.7 217.3 218.0 218.7 219.9 221.6 223.4
239.9 239.1 238.5 237.9 237.3 236.9 236.4 236 235.2 234.4 233.6 232.7 231.8 231.2 230.5 229.7 228.8 227.9 227.2 226.6 226.0 225.4 225.1 224.3 223.8 223.0 222.3 221.7 221.1 220.6 220.2 219.7 218.9 217.9 216.6 215.4 214.4 214.0 213.1 213.0 213.1 213.1 213.1 213.1 213.1 212.8 212.8 212.8 213.3 214.3 215.2 216.2 217.2 217.9 218.8 220.0 221.1 221.8 222.3 222.6 222.9 222.6 222.5 221.7 221.1 220.5 219.6 218.6 218.1 217.6 217.5 217.5 218.0 218.4 219.4 221.0 222.8
239.1 238.4 237.8 237.0 236.6 236.1 235.7 235.4 234.8 233.8 232.9 231.8 231.1 230.5 229.9 228.9 228.3 227.4 226.8 226.2 225.6 225.2 224.7 224.0 223.2 222.0 220.9 220.2 219.6 218.8 218.3 217.7 216.9 216.0 214.9 213.8 213.3 212.8 212.8 212.8 213.1 213.1 213.3 213.3 213.1 212.8 212.8 212.9 213.5 214.8 215.8 216.8 217.7 218.9 220.0 221.0 222.2 223.0 223.7 223.9 224.2 224.1 224.1 223.7 223.3 222.6 221.7 221.0 220.2 219.4 218.7 218.2 218.1 218.3 219.0 220.3 222.2
238.4 237.8 237.0 236.1 235.8 235.2 234.9 234.6 234.0 233.0 232.1 231.1 230.5 229.9 229.1 228.3 227.7 226.8 226.2 225.6 225.2 224.7 224.1 223.5 222.5 221.3 219.9 218.6 218.0 217.1 216.4 215.8 215.4 214.7 214.0 213.4 213.1 212.7 212.8 213.0 213.2 213.4 213.8 213.7 213.6 213.3 213.1 213.6 214.3 215.1 216.0 217.3 218.4 219.4 220.7 221.8 223.0 223.9 224.5 225.0 225.3 225.5 225.5 225.3 225.2 224.8 224.0 223.2 222.3 221.2 220.1 219.3 218.6 218.5 218.9 219.9 221.6
237.8 237.2 236.2 235.4 234.9 234.2 233.9 233.4 232.8 232.1 231.2 230.5 229.7 229.1 228.3 227.7 226.9 226.2 225.6 225.0 224.7 224.1 223.5 222.8 222.0 220.5 219.0 217.4 216.6 215.9 215.3 214.7 214.4 214.0 213.4 213.2 213.1 212.8 212.9 213.4 213.9 214.2 214.5 214.7 214.7 214.7 214.3 214.6 215.0 215.6 216.5 217.4 218.4 219.5 220.8 222.0 223.2 224.2 224.9 225.6 225.9 226.1 226.5 226.7 226.9 226.8 226.3 225.6 224.7 223.2 222.0 220.7 219.6 218.9 219.1 219.8 221.1
237.2 236.4 235.7 234.6 233.9 233.3 233.0 232.4 231.8 231.0 230.3 229.7 228.7 228.1 227.6 226.9 226.0 225.4 224.8 224.4 223.9 223.5 222.8 222.3 221.1 219.8 218.4 216.9 216.0 215.2 214.6 214.2 213.7 213.4 212.9 213.1 213.1 213.0 213.7 214.2 214.9 215.3 215.7 216.0 216.0 215.8 215.5 215.5 216.0 216.4 217.0 217.4 218.3 219.3 220.4 221.6 222.9 223.8 224.9 225.5 226.0 226.5 227.1 227.6 228.1 228.2 228.1 227.9 226.9 225.6 224.2 222.4 221.0 219.9 219.5 219.8 220.8
236.4 235.7 234.9 233.6 233.0 232.4 231.9 231.3 230.9 230.0 229.4 228.8 228.0 227.4 226.6 226.0 225.3 224.7 224.0 223.6 223.1 222.7 222.3 221.5 220.4 219.2 218.2 216.8 215.7 214.9 214.3 213.9 213.2 212.9 212.8 212.9 213.1 213.4 214.3 215.3 216.0 216.6 216.9 217.0 217.0 216.9 216.6 216.4 216.8 216.9 217.2 217.5 218.1 219.0 220.0 220.8 222.0 222.9 224.0 225.0 225.6 226.2 227.0 228.0 228.6 229.3 229.4 229.6 229.1 227.9 226.3 224.7 222.9 221.5 220.5 220.1 220.7
235.5 234.7 234.0 232.7 232.1 231.5 230.9 230.3 229.8 229.1 228.5 227.8 227.3 226.6 225.9 225.3 224.5 224.1 223.4 222.8 222.5 221.9 221.4 220.5 219.5 218.7 217.8 216.8 215.7 215.0 214.3 213.5 213.1 212.8 212.8 213.0 213.5 214.2 215.3 216.6 217.2 217.8 217.9 218.1 218.1 218.0 217.7 217.5 217.6 217.6 217.7 218.0 218.1 218.6 219.4 220.2 221.3 222.2 222.9 224.1 224.8 225.5 226.7 227.9 228.7 229.8 230.5 231.0 230.9 229.8 228.4 226.9 225.1 223.4 221.9 221.1 221.1
234.4 233.7 232.9 231.8 231.2 230.4 230.0 229.4 228.7 228.2 227.5 227.1 226.3 225.7 225.1 224.7 223.9 223.4 223.0 222.4 221.9 221.5 220.9 220.1 219.4 218.6 217.9 217.0 216.1 215.2 214.6 213.6 213.1 212.8 213.0 213.3 214.1 215.2 216.6 217.8 218.4 218.9 219.0 219.2 219.2 218.7 218.4 218.4 218.4 218.6 218.5 218.6 218.8 219.0 219.4 220.2 220.8 221.5 222.4 223.4 224.0 225.1 226.1 227.6 228.7 229.9 230.8 231.8 232.0 231.4 230.6 229.1 227.4 225.4 223.6 222.5 221.9
233.0 232.4 231.7 230.7 230.1 229.4 228.9 228.3 227.9 227.3 226.7 226.1 225.4 225.0 224.4 224.1 223.4 223.0 222.7 222.1 221.7 221.2 220.6 220.0 219.6 218.8 218.2 217.3 216.4 215.3 214.7 213.9 213.3 213.0 213.3 213.8 214.7 215.9 217.7 218.9 219.5 219.8 220.1 219.9 219.9 219.5 219.2 219.0 219.2 219.3 219.4 219.8 220.1 220.4 220.7 220.9 221.0 221.4 222.0 222.8 223.6 224.8 225.9 227.2 228.6 230.1 231.0 232.2 232.9 232.8 232.4 231.0 229.7 227.7 225.9 224.3 223.0
231.3 230.7 230.3 229.5 228.9 228.3 227.7 227.1 226.8 226.2 225.5 225.1 224.7 224.2 223.8 223.4 223.0 222.7 222.4 221.8 221.5 220.9 220.3 219.9 219.4 218.8 218.2 217.3 216.5 215.4 214.8 214.4 213.8 213.5 213.8 214.4 215.3 216.5 218.2 219.4 220.0 220.5 220.8 220.7 220.5 220.2 219.9 219.8 219.9 220.0 220.5 221.4 221.7 222.1 222.2 222.2 222.2 222.2 222.1 222.5 223.2 224.5 225.7 227.3 228.9 230.2 231.3 232.5 233.7 233.8 233.5 232.7 231.5 229.8 228.1 226.3 224.5
229.5 229.0 228.6 227.9 227.3 226.7 226.3 225.8 225.6 224.9 224.5 224.0 223.7 223.5 223.2 223.1 222.7 222.5 221.9 221.5 221.0 220.6 219.8 219.5 218.9 218.3 217.7 216.7 216.3 215.8 215.3 215.0 214.4 214.3 214.4 214.8 215.7 217.0 218.5 219.7 220.5 221.1 221.4 221.5 221.1 220.8 220.7 220.7 220.7 221.2 221.8 222.5 223.0 223.8 224.0 224.0 223.8 223.2 222.7 222.9 223.3 224.4 225.4 227.1 228.8 230.0 231.4 232.6 233.9 234.4 234.2 234.0 232.9 231.6 230.3 228.4 226.6
227.4 227.2 226.5 226.1 225.5 225.0 224.7 224.6 224.1 223.7 223.2 222.6 222.5 222.5 222.4 222.4 222.3 221.8 221.3 221.1 220.4 219.9 219.2 218.9 218.1 217.5 216.8 216.3 216.2 216.1 216.0 215.7 215.0 215.1 215.0 215.3 216.0 217.3 218.8 220.0 221.1 221.7 222.0 221.8 221.7 221.4 221.4 221.6 221.6 222.0 222.6 223.4 224.2 225.0 225.5 225.6 225.3 224.9 224.0 223.8 224.0 224.5 225.3 226.6 228.3 229.7 231.2 232.6 233.9 234.7 234.8 235.0 234.5 233.4 232.2 230.8 228.9
225.5 224.9 224.5 224.2 223.8 223.5 223.4 223.2 222.6 222.3 221.7 221.1 220.9 221.1 221.1 221.3 221.3 220.9 220.6 220.1 219.7 219.0 218.4 218.1 217.3 216.7 216.3 216.0 216.2 216.2 216.2 215.9 215.4 215.5 215.5 215.8 216.4 217.4 218.9 220.3 221.3 222.2 222.5 222.3 222.1 221.8 222.0 222.3 222.3 222.6 223.4 224.1 225.1 225.9 226.5 227.0 227.0 226.7 226.0 225.4 225.3 225.2 225.4 226.5 227.8 229.2 230.9 232.5 233.7 234.6 235.3 235.8 235.9 235.3 234.3 233.0 231.4
223.6 223.2 222.9 222.6 222.3 222.2 222.2 221.7 221.3 220.6 220.0 219.2 219.1 219.2 219.4 219.7 219.9 219.8 219.3 218.9 218.3 217.9 217.3 216.9 216.7 216.3 216.0 215.8 216.2 216.2 216.2 216.1 215.9 215.8 215.7 216.1 216.5 217.6 218.9 220.4 221.6 222.3 222.8 222.8 222.6 222.3 222.6 222.9 223.1 223.4 224.1 224.9 225.8 226.6 227.4 228.0 228.5 228.6 228.2 227.5 226.8 226.5 226.1 226.6 227.5 228.8 230.5 231.8 233.2 234.1 235.3 236.1 236.5 236.6 236.1 235.2 233.7
222.1 221.6 221.5 221.2 221.1 221.0 220.8 220.4 219.9 218.9 218.3 217.5 217.1 217.1 217.4 217.8 218.1 218.1 217.9 217.4 216.9 216.8 216.4 216.2 216.3 216.0 215.9 216.1 216.2 216.2 216.2 216.2 216.4 216.1 216.1 216.2 216.4 217.7 218.9 220.5 221.5 222.3 222.9 223.1 223.1 223.1 223.2 223.5 223.9 224.3 224.9 225.8 226.8 227.4 228.3 228.9 229.7 230.2 229.9 229.5 228.5 228.1 227.2 227.4 227.6 228.4 229.6 231.0 232.4 233.5 234.5 235.6 236.6 237.3 237.2 236.8 235.6
221.1 220.7 220.5 220.2 220.0 219.7 219.2 218.8 218.1 217.3 217.1 216.6 216.1 216.2 216.3 216.4 216.6 216.6 216.6 216.3 216.2 216.3 216.2 216.2 216.2 215.8 215.9 216.2 216.2 216.2 216.2 216.2 216.5 216.1 216.2 216.2 216.6 217.7 218.9 220.1 221.2 222.1 222.7 223.2 223.6 223.7 223.9 224.2 224.5 225.1 225.7 226.8 227.5 228.3 229.0 229.8 230.5 231.4 231.2 231.1 230.4 229.6 228.8 228.3 228.1 228.5 229.0 230.4 231.6 232.9 233.9 235.2 236.4 237.5 237.9 237.8 237.1
220.4 220.1 219.8 219.4 219.2 218.7 218.0 217.2 216.8 216.5 216.5 216.8 216.7 216.5 216.3 216.1 216.2 216.2 216.2 216.2 216.2 216.2 216.2 216.2 216.2 216.1 216.1 216.2 216.2 216.2 216.2 216.2 216.6 216.5 216.5 216.5 217.1 217.8 218.9 219.6 220.7 221.6 222.4 223.0 223.8 224.0 224.3 224.8 224.9 225.5 226.3 227.3 228.1 229.0 229.8 230.5 231.3 232.3 232.5 232.5 232.1 231.3 230.5 229.5 229.0 229.0 229.3 230.1 231.2 232.2 233.6 234.8 236.2 237.5 238.3 238.7 238.3
219.8 219.7 219.4 219.1 218.6 217.9 217.3 216.5 216.3 216.7 217.1 217.6 217.6 217.3 217.0 216.7 216.5 216.1 216.2 216.2 216.2 216.2 216.2 216.2 216.2 216.2 216.2 216.2 216.2 216.0 216.0 216.2 217.0 217.1 217.3 217.4 217.9 218.5 218.8 219.3 220.0 220.8 221.9 222.7 223.6 224.3 224.6 225.2 225.4 226.0 226.9 227.8 228.7 229.6 230.6 231.3 232.1 233.0 233.3 233.5 233.4 233.0 232.2 231.3 230.5 230.0 229.9 230.3 231.2 232.1 233.7 234.9 236.4 237.6 238.8 239.4 239.3
219.3 219.2 218.9 218.6 218.1 217.7 217.4 217.0 217.2 217.8 218.5 218.6 218.8 218.5 218.2 217.7 217.2 216.7 216.5 216.3 216.3 216.4 216.2 216.2 216.2 216.2 216.2 216.0 216.0 215.8 215.9 216.1 217.2 217.7 218.4 218.9 219.2 219.6 219.4 219.5 219.7 220.1 221.4 222.4 223.2 224.4 225.1 225.7 226.0 226.6 227.5 228.4 229.3 230.2 231.1 232.1 232.7 233.6 234.1 234.4 234.6 234.2 234.1 233.1 232.2 231.2 230.7 231.0 231.7 232.9 234.2 235.6 236.9 238.1 239.2 239.8 240.0
219.0 218.7 218.4 218.1 218.0 217.9 218.1 218.0 218.3 218.7 219.2 219.4 219.3 219.2 218.9 218.4 217.8 217.3 217.0 216.9 216.7 216.5 216.3 216.3 216.2 216.2 216.2 216.0 216.0 216.0 216.2 216.6 217.7 218.5 219.6 220.3 220.7 221.0 220.7 220.5 220.5 220.6 221.3 222.2 223.3 224.5 225.5 226.1 226.6 227.4 228.1 229.0 229.7 230.9 231.8 232.7 233.3 234.2 234.9 235.3 235.6 235.9 235.7 234.8 233.9 232.6 231.8 232.0 232.4 233.4 234.8 236.4 237.6 238.8 239.7 240.3 240.8
218.9 218.6 218.3 218.2 218.2 218.2 218.5 218.7 219.0 219.1 219.2 219.4 219.3 219.1 218.9 218.7 218.2 217.6 217.3 217.3 216.9 216.8 216.7 216.7 216.3 216.3 216.5 216.7 216.7 216.6 217.1 217.8 218.7 219.6 220.6 221.5 222.1 222.4 222.4 222.1 221.9 221.7 221.6 222.6 223.8 225.0 225.9 226.5 227.4 228.1 228.7 229.5 230.2 231.3 232.2 232.9 233.8 234.5 235.3 236.1 236.6 237.0 236.9 236.3 235.2 234.0 233.1 232.7 232.8 233.7 235.1 236.8 238.0 239.4 240.3 240.9 241.4
218.9 218.8 218.5 218.5 218.5 218.5 219.0 219.1 219.3 219.2 219.2 219.2 219.0 218.9 218.9 218.6 218.3 217.9 217.8 217.6 217.5 217.3 216.9 216.9 216.8 217.0 217.3 217.6 217.8 218.0 218.6 219.0 219.9 220.8 221.8 222.5 223.3 223.8 224.1 224.0 223.6 223.1 222.8 223.3 224.6 225.8 226.7 227.4 228.1 228.7 229.4 229.8 230.7 231.6 232.4 233.2 233.9 234.6 235.6 236.5 236.9 237.6 237.7 237.5 236.6 235.4 234.3 233.5 233.3 233.8 235.0 236.9 238.1 239.7 240.8 241.4 241.7
218.9 219.1 218.8 218.8 218.8 218.8 219.3 219.2 219.2 219.2 219.2 219.0 218.9 218.7 218.7 218.6 218.3 218.2 218.2 218.1 217.8 217.7 217.4 217.4 217.4 218.0 218.3 218.7 219.0 219.5 220.1 220.6 221.3 222.1 222.8 223.6 224.3 224.9 225.4 225.6 225.5 224.9 224.4 224.7 225.7 226.8 227.7 228.3 228.7 229.1 229.8 230.0 230.8 231.6 232.2 232.9 233.9 234.8 235.7 236.6 237.3 238.2 238.7 238.6 238.0 236.9 235.7 234.6 234.1 234.2 235.0 236.7 238.1 239.6 240.9 241.5 242.0
219.1 219.2 219.1 219.1 219.1 219.1 219.2 219.2 219.2 219.2 219.2 219.1 218.9 218.6 218.6 218.6 218.5 218.5 218.4 218.6 218.7 218.5 218.2 218.1 218.1 218.5 219.0 220.0 220.4 221.0 221.8 222.4 222.9 223.3 223.7 224.6 225.2 226.0 226.6 227.2 227.2 226.8 226.1 226.2 226.7 227.7 228.4 229.1 229.3 229.6 230.0 230.6 231.0 231.2 231.6 232.2 233.5 234.6 235.7 236.6 237.5 238.6 239.4 239.6 239.2 238.5 237.2 236.0 234.9 234.8 235.2 236.5 238.1 239.6 240.9 241.5 242.1
219.2 219.2 219.2 219.2 219.2 219.2 219.2 219.3 219.3 219.3 219.4 219.2 218.9 218.8 218.6 218.8 218.8 218.9 219.3 219.6 219.9 219.6 219.2 218.7 218.6 218.9 219.7 221.0 221.8 222.5 223.5 224.1 224.4 224.7 225.0 225.5 226.3 227.1 227.9 228.3 228.5 228.2 227.8 227.7 227.8 228.6 229.0 229.4 230.0 230.3 230.5 231.0 231.1 231.1 231.4 231.8 233.0 234.5 235.5 236.6 237.7 238.9 239.8 240.2 240.1 239.6 238.6 237.5 236.5 235.7 235.9 236.9 238.1 239.4 240.6 241.5 242.1
219.2 219.2 219.2 219.2 219.4 219.5 219.9 220.2 220.2 220.0 219.9 219.4 219.1 219.1 218.8 218.9 219.2 219.9 220.4 220.9 221.2 220.9 220.1 219.4 219.4 219.7 220.7 221.9 223.0 224.1 225.0 225.6 225.9 226.2 226.3 226.6 227.4 228.0 228.9 229.4 229.7 229.6 229.3 229.3 229.1 229.5 229.8 230.1 230.4 230.7 231.2 231.3 231.3 231.3 231.4 231.8 232.9 234.2 235.1 236.4 237.6 239.1 240.2 240.5 240.5 240.4 239.8 238.9 238.1 237.4 237.0 237.7 238.4 239.5 240.7 241.5 242.1
219.2 219.2 219.3 219.5 219.8 220.3 221.2 221.3 221.3 221.0 220.5 219.9 219.4 219.2 219.1 219.2 220.0 221.0 221.3 221.9 222.0 221.9 221.2 220.6 220.4 220.7 221.6 222.8 224.2 225.4 226.3 227.1 227.4 227.7 227.7 228.0 228.5 229.1 229.8 230.4 230.7 231.0 230.7 230.4 230.3 230.6 230.7 230.9 230.9 231.0 231.5 231.4 231.4 231.5 231.7 232.5 233.2 234.3 235.2 236.5 237.5 238.9 240.1 240.4 240.6 240.8 240.7 240.1 239.7 239.1 238.4 238.6 239.1 239.8 240.7 241.3 241.9
219.3 219.7 220.0 220.5 221.0 221.4 222.2 222.2 222.3 221.7 221.1 220.4 219.5 219.2 219.4 219.9 221.0 221.7 222.2 222.6 222.8 222.7 222.1 221.4 221.3 221.6 222.5 223.9 225.2 226.5 227.6 228.5 229.0 229.3 229.5 229.6 229.7 230.3 230.7 231.3 231.7 231.8 231.7 231.6 231.3 231.7 231.7 231.5 231.3 231.3 231.2 231.3 231.7 232.2 232.8 233.5 234.1 234.6 235.3 236.4 237.3 238.3 239.6 240.1 240.6 240.9 241.1 241.0 240.9 240.4 239.8 239.8 239.7 240.1 240.7 241.2 241.6
220.0 220.6 221.1 221.8 222.4 222.7 222.9 222.9 222.8 222.3 221.8 220.6 219.9 219.5 219.8 220.7 221.7 222.5 223.1 223.4 223.5 223.2 222.6 222.2 222.0 222.3 223.4 224.8 226.2 227.4 228.6 229.8 230.4 230.6 230.9 230.9 231.1 231.5 231.8 232.3 232.4 232.4 232.4 232.4 232.4 232.6 232.6 232.2 231.9 231.7 231.4 231.9 232.6 233.0 233.6 234.4 234.8 235.1 235.7 236.4 237.2 237.9 238.8 239.8 240.4 240.9 241.2 241.4 241.4 241.3 240.8 240.8 240.7 240.6 241.0 241.1 241.5
