models/Code Examples/GIS/data/local-elevation.asc
ncols 195
nrows 195
xllcorner -84.355652
yllcorner 39.177963
cellsize 0.000093
NODATA_value -9999
[rows 68 to 101 of 195, columns 77 to 153 of 195]
241.2 240.0 238.7 237.7 237.3 237.2 237.5 238.4 239.6 241.0 242.3 243.0 243.6 243.6 243.6 243.9 244.2 244.8 245.5 246.1 246.7 247.0 247.3 247.3 247.5 247.5 247.7 247.5 247.1 246.5 245.8 244.7 243.4 241.9 240.3 239.2 238.5 239.0 240.4 242.1 243.9 245.5 246.4 246.9 247.0 247.5 248.0 248.6 249.3 249.4 249.3 249.4 249.7 249.9 250.2 250.5 251.1 251.2 251.6 251.9 252.2 252.3 252.6 252.8 252.8 252.8 252.8 252.8 253.1 253.1 253.1 253.1 253.1 253.1 253.1 253.1 253.1
242.8 241.7 240.3 238.9 237.8 237.3 237.3 238.0 239.5 241.0 242.2 243.2 243.6 243.6 243.8 243.9 244.2 245.0 245.4 246.0 246.5 246.8 247.1 247.3 247.6 247.8 248.1 248.3 248.0 247.5 247.1 246.2 245.2 243.9 242.3 241.1 239.9 239.8 240.7 242.1 243.7 245.3 246.2 247.0 247.5 248.3 249.1 249.5 249.9 250.1 250.3 250.2 250.5 251.1 251.4 251.7 252.1 252.3 252.4 252.5 252.6 252.6 252.7 252.8 252.8 252.8 252.9 252.9 253.1 253.1 253.1 253.1 253.1 253.1 253.1 253.1 253.1
243.7 243.0 241.6 240.1 238.8 238.0 237.3 237.8 238.9 240.5 241.9 243.4 243.6 243.8 244.1 244.1 244.4 245.1 245.6 246.0 246.1 246.5 246.8 247.1 247.6 247.9 248.4 248.7 248.5 248.4 248.1 247.2 246.3 245.3 244.1 242.9 241.6 240.9 241.2 242.0 243.4 244.7 245.9 246.8 247.6 248.6 249.5 249.8 250.0 250.5 250.8 251.2 251.5 251.9 252.2 252.6 252.9 253.2 253.0 253.0 253.0 253.0 253.0 253.0 253.0 252.9 253.1 253.1 253.1 253.1 253.1 253.1 253.1 253.1 253.1 253.1 253.1
244.5 243.9 242.9 241.5 240.3 238.9 238.0 237.9 238.7 239.8 241.2 242.8 243.5 244.0 244.3 244.4 244.7 245.3 245.9 246.2 246.2 246.3 246.6 247.1 247.5 248.0 248.5 249.0 249.2 249.2 249.1 248.3 247.4 246.7 245.8 244.7 243.5 242.5 242.1 242.4 243.2 244.3 245.4 246.1 247.1 248.0 249.1 249.6 250.1 250.7 250.9 251.6 252.1 252.4 252.7 253.0 253.1 253.2 253.1 253.1 253.1 253.1 253.1 253.1 253.1 253.1 253.1 253.1 253.1 253.1 253.1 253.1 253.1 253.1 253.1 253.1 253.1
245.1 244.4 243.9 242.9 241.6 240.5 239.3 238.8 238.8 239.6 240.6 241.8 242.8 243.6 244.1 244.6 245.0 245.6 246.2 246.6 246.5 246.7 246.8 247.4 247.7 248.4 248.7 249.3 249.6 249.6 249.6 249.2 248.7 248.0 247.3 246.6 245.3 244.4 243.6 243.4 243.6 244.2 244.7 245.4 246.0 246.7 247.9 248.7 249.6 250.3 251.0 251.6 252.2 252.5 252.8 252.9 253.1 253.3 253.3 253.3 253.1 253.1 253.3 253.3 253.3 253.3 253.0 253.1 253.1 253.1 253.1 253.1 253.1 253.1 253.1 253.1 253.1
245.0 244.7 244.4 243.9 242.9 241.9 240.9 240.2 239.9 240.0 240.3 241.1 241.8 242.9 243.8 244.4 245.2 245.8 246.4 246.7 246.9 247.2 247.4 247.8 248.1 248.7 248.8 249.4 249.7 249.7 249.9 249.8 249.5 249.3 248.9 248.2 247.2 246.1 245.1 244.6 244.4 244.4 244.3 244.6 244.7 245.1 246.4 247.3 248.2 249.4 250.3 251.1 251.9 252.3 252.6 252.8 253.1 253.2 253.4 253.4 253.1 253.1 253.4 253.4 253.4 253.4 253.3 253.0 253.1 253.1 253.1 253.1 253.1 253.1 253.1 253.1 253.1
244.8 244.8 244.7 244.4 243.9 243.2 242.4 241.8 241.3 240.7 240.6 240.6 241.2 242.3 243.2 244.1 244.8 245.6 246.2 246.7 247.0 247.3 247.6 248.1 248.4 248.8 249.0 249.4 249.7 249.9 250.0 250.0 249.9 249.9 249.8 249.4 248.7 247.6 246.7 245.9 245.4 244.9 244.4 244.0 243.8 244.1 244.7 245.7 246.6 247.7 248.8 249.9 250.9 251.7 252.2 252.6 252.9 253.1 253.2 253.2 253.1 253.1 253.4 253.4 253.4 253.4 253.4 253.3 253.1 253.1 253.1 253.1 253.1 253.1 253.1 253.1 253.1
244.8 244.8 244.8 244.7 244.6 244.2 243.8 243.2 242.7 242.1 241.4 240.8 241.1 241.8 242.8 243.5 244.1 245.1 245.7 246.3 246.8 247.3 247.6 248.2 248.5 249.0 249.3 249.6 249.9 250.0 250.0 250.2 250.2 250.2 250.2 249.9 249.5 248.8 248.0 247.1 246.5 245.7 244.9 244.0 243.7 243.7 244.0 244.5 245.2 246.2 247.4 248.5 249.4 250.3 251.1 252.0 252.7 252.9 252.9 253.1 253.1 253.1 253.4 253.4 253.4 253.4 253.4 253.2 253.1 253.1 253.1 253.1 253.1 253.1 253.1 253.1 253.1
244.8 245.0 245.0 245.0 245.0 244.9 244.6 244.2 243.9 243.4 242.7 242.0 241.6 242.0 242.6 243.3 243.7 244.3 245.1 245.7 246.3 247.1 247.4 248.0 248.5 249.1 249.6 249.7 250.0 250.0 250.0 250.4 250.3 250.3 250.3 250.2 249.9 249.7 249.1 248.4 247.6 246.6 245.7 244.9 244.4 243.9 243.8 244.2 244.6 245.3 246.2 247.1 248.1 249.0 249.9 250.7 251.6 252.3 252.5 252.8 253.0 253.1 253.2 253.2 253.2 253.2 253.2 253.1 253.1 253.1 253.1 253.1 253.1 253.1 253.1 253.1 253.1
244.8 245.2 245.1 245.1 245.3 245.3 245.2 245.1 244.8 244.7 244.1 243.6 243.0 243.1 243.0 243.3 243.4 243.7 244.4 245.1 245.7 246.4 246.9 247.5 248.4 249.0 249.6 249.7 250.0 250.0 250.0 250.1 250.1 250.3 250.3 250.3 250.2 250.1 249.6 249.2 248.3 247.5 246.8 246.2 245.6 244.9 244.4 244.3 244.5 245.1 245.5 246.2 246.8 247.5 248.5 249.1 250.0 250.9 251.3 251.8 252.1 252.6 252.7 252.9 252.9 253.1 253.1 253.1 253.1 253.1 253.1 252.9 252.9 253.1 253.1 253.1 253.1
244.8 245.1 245.1 245.3 245.6 245.6 245.8 245.8 245.7 245.7 245.3 245.0 244.5 244.3 243.8 243.4 243.4 243.6 244.0 244.4 245.0 245.6 246.3 246.9 247.7 248.3 249.1 249.6 250.1 250.0 250.0 250.0 250.0 250.1 250.1 250.3 250.1 250.0 249.9 249.4 248.9 248.3 247.6 247.2 246.6 246.2 245.4 245.1 244.9 245.1 245.4 245.8 246.1 246.5 247.0 247.7 248.6 249.5 249.8 250.5 251.0 251.6 252.1 252.4 252.6 252.9 252.9 252.9 252.9 252.9 252.9 252.8 252.8 252.9 252.9 253.1 253.1
244.8 245.1 245.1 245.5 245.8 245.9 246.3 246.2 246.3 246.2 246.3 246.0 245.9 245.6 245.0 244.3 243.9 243.9 244.0 244.1 244.8 245.2 245.9 246.3 246.7 247.3 248.3 249.1 249.7 249.8 250.0 250.0 250.0 250.0 250.0 250.1 250.0 250.0 250.0 249.6 249.3 248.9 248.5 248.0 247.4 246.9 246.1 245.8 245.5 245.5 245.6 245.9 246.2 246.3 246.5 246.9 247.9 248.6 249.1 249.6 250.2 250.8 251.2 251.8 252.1 252.4 252.4 252.6 252.6 252.6 252.6 252.6 252.8 252.8 252.7 252.9 252.9
244.9 245.2 245.2 245.5 245.8 246.1 246.4 246.6 246.6 246.7 246.9 246.8 246.8 246.4 246.0 245.6 244.9 244.7 244.7 244.7 245.0 245.3 245.5 245.8 246.1 246.5 247.3 248.3 248.9 249.6 249.9 250.0 250.0 250.0 250.2 250.2 250.0 250.0 250.0 249.9 249.6 249.3 249.0 248.6 247.9 247.3 246.7 246.4 246.1 245.9 246.1 246.4 246.5 246.6 247.1 247.6 248.1 248.8 249.2 249.5 249.9 250.6 250.9 251.3 251.6 252.0 252.0 252.1 252.3 252.3 252.3 252.3 252.6 252.6 252.8 252.8 252.8
244.7 244.8 245.0 245.3 245.6 246.1 246.4 246.7 246.7 247.0 247.0 247.2 247.2 247.1 246.7 246.6 246.2 245.9 245.7 245.7 245.5 245.6 245.8 245.9 246.0 246.3 246.7 247.3 247.9 248.8 249.3 249.8 250.0 250.0 250.4 250.3 250.2 250.2 250.2 250.0 249.9 249.6 249.5 249.2 248.7 248.1 247.7 247.2 246.9 246.4 246.5 246.8 247.2 247.7 248.3 248.9 249.2 249.6 249.9 250.0 250.3 250.6 250.9 251.2 251.3 251.7 251.6 251.6 252.0 252.2 252.2 252.2 252.3 252.3 252.6 252.6 252.6
244.2 244.4 244.7 245.0 245.3 245.9 246.2 246.5 246.7 247.0 247.0 247.3 247.3 247.5 247.4 247.4 247.1 246.7 246.6 246.4 246.1 246.1 246.2 246.2 246.2 246.3 246.6 246.9 247.3 248.2 249.1 249.7 250.0 250.0 250.2 250.3 250.3 250.3 250.3 250.2 250.2 249.9 249.9 249.8 249.5 248.8 248.7 248.3 248.0 247.4 247.2 247.5 248.1 248.6 249.1 250.0 250.3 250.7 250.8 251.0 251.0 251.0 251.1 251.2 251.2 251.3 251.5 251.5 251.6 252.0 251.9 251.9 252.1 252.1 252.3 252.3 252.4
243.6 243.9 244.2 244.5 244.8 245.4 245.7 246.2 246.7 247.0 247.0 247.3 247.3 247.6 247.6 247.6 247.5 247.4 247.4 247.0 246.9 246.9 247.1 247.1 246.9 246.6 246.9 247.1 247.3 248.1 248.9 249.5 249.8 249.9 249.8 250.1 250.3 250.3 250.3 250.5 250.5 250.4 250.4 250.2 250.1 249.6 249.6 249.6 249.3 248.7 248.1 248.4 248.9 249.1 249.9 250.7 251.2 251.8 252.0 252.1 251.8 251.6 251.6 251.6 251.6 251.6 251.7 251.7 251.7 251.8 252.0 252.0 252.1 252.3 252.1 252.2 252.5
242.6 242.9 243.2 243.5 244.0 244.4 244.9 245.5 246.2 246.6 246.8 247.1 247.1 247.4 247.4 247.6 247.6 247.6 247.8 247.7 247.6 247.6 248.0 248.2 248.0 247.9 248.0 247.9 248.3 248.7 248.9 249.4 249.5 249.5 249.7 250.0 250.3 250.5 250.5 250.8 250.8 250.8 250.8 250.7 250.7 250.6 250.6 250.4 250.1 249.5 249.0 249.1 249.4 249.9 250.7 251.3 251.9 252.5 252.7 252.7 252.4 252.2 252.0 252.2 252.2 252.2 252.2 252.0 252.0 252.2 252.3 252.3 252.3 252.7 252.3 252.3 252.4
241.3 241.6 242.0 242.3 242.9 243.4 244.0 244.6 245.2 246.0 246.4 246.7 246.9 247.1 247.1 247.4 247.6 247.8 247.9 248.1 248.3 248.3 248.5 248.9 249.1 249.1 249.3 249.3 249.4 249.5 249.4 249.6 249.6 249.6 249.7 250.2 250.5 250.8 250.8 251.1 251.1 251.3 251.3 251.3 251.3 251.3 251.3 251.2 250.9 250.4 250.1 250.1 250.2 250.9 251.5 251.9 252.5 252.9 252.9 253.0 252.6 252.7 252.3 252.6 252.6 252.6 252.7 252.3 252.3 252.7 252.7 252.7 252.6 252.8 252.6 252.7 252.6
240.6 240.7 240.8 241.1 241.7 242.4 243.0 243.7 244.3 245.1 245.4 245.6 246.0 246.5 246.7 246.9 247.2 247.6 247.9 248.2 248.5 248.7 249.2 249.5 249.8 250.0 250.1 250.1 250.1 250.1 250.1 249.8 249.8 249.8 250.0 250.7 251.0 251.3 251.3 251.6 251.6 251.7 251.7 251.9 251.9 251.9 251.9 251.9 251.8 251.5 251.2 251.2 251.2 251.6 252.2 252.5 252.9 253.2 253.2 253.1 252.9 252.9 252.6 252.9 252.9 253.2 252.9 252.6 252.6 252.8 252.8 252.7 253.0 253.0 253.0 252.8 252.8
240.8 240.8 240.8 240.9 241.6 241.8 242.4 242.9 243.3 243.8 244.1 244.6 244.9 245.3 245.6 246.2 246.7 246.9 247.5 248.0 248.5 248.8 249.5 249.7 250.3 250.6 250.5 250.5 250.7 250.7 250.5 250.6 250.6 250.5 250.8 251.3 251.6 251.9 251.9 252.0 252.0 252.2 252.2 252.3 252.5 252.5 252.7 252.7 252.5 252.4 252.1 252.1 252.1 252.2 252.6 253.1 253.2 253.6 253.6 253.2 253.2 253.2 253.1 253.2 253.2 253.4 253.3 252.9 252.9 252.9 252.9 252.9 253.1 253.1 253.1 253.0 253.0
242.1 242.1 242.0 242.0 242.2 242.2 242.5 242.6 242.8 242.9 243.2 243.6 243.9 244.3 244.6 245.0 245.6 246.3 246.9 247.5 248.2 248.6 249.2 249.7 250.2 250.7 250.9 250.8 251.1 251.1 251.0 251.3 251.3 251.5 251.8 251.9 252.2 252.5 252.5 252.5 252.5 252.6 252.6 252.8 253.1 253.3 253.4 253.4 253.3 253.3 253.0 253.0 253.0 253.0 253.1 253.6 253.5 253.6 253.7 253.6 253.5 253.5 253.5 253.5 253.7 253.5 253.6 253.2 253.2 253.2 253.2 253.2 253.2 253.2 253.3 253.1 253.1
243.5 243.5 243.6 243.6 243.6 243.4 243.2 243.0 242.8 242.8 242.9 243.2 243.3 243.4 243.8 244.0 244.7 245.7 246.3 246.9 247.5 248.2 249.0 249.6 249.8 250.5 250.8 250.9 251.2 251.4 251.4 251.7 251.7 252.0 252.4 252.5 252.8 252.9 252.9 253.1 253.1 253.1 253.3 253.6 253.9 254.0 254.2 254.2 254.0 254.0 253.7 253.7 253.7 253.7 253.7 253.8 254.0 254.0 253.8 253.8 254.0 254.0 254.0 254.0 254.2 254.0 253.9 253.5 253.5 253.6 253.6 253.6 253.6 253.6 253.4 253.2 253.3
244.2 244.5 244.8 245.0 245.0 244.9 244.3 244.0 243.5 243.3 243.3 243.6 243.8 243.7 243.8 244.2 244.4 245.1 245.8 246.3 246.9 247.3 248.3 249.1 249.5 250.2 250.4 250.9 251.3 251.8 251.9 252.0 252.0 252.3 252.6 252.9 253.3 253.5 253.4 253.6 253.5 253.7 254.0 254.4 254.7 254.6 255.0 255.0 254.9 254.9 254.5 254.3 254.3 254.3 254.3 254.3 254.5 254.5 254.4 254.3 254.5 254.5 254.5 254.5 254.5 254.5 254.1 254.0 254.0 253.8 253.8 253.9 253.9 253.9 253.5 253.6 253.4
244.3 244.9 245.4 245.9 246.0 246.0 245.6 245.3 244.6 244.3 244.5 244.6 244.9 245.1 245.1 245.2 245.2 245.6 245.9 246.0 246.4 246.7 247.3 248.2 249.1 249.6 250.1 250.8 251.1 251.7 252.2 252.4 252.3 252.6 252.9 253.2 253.5 253.7 253.9 253.9 254.0 254.4 254.7 254.8 255.1 255.3 255.6 255.6 255.4 255.4 255.3 255.0 255.0 255.0 255.0 255.0 254.7 255.0 254.8 254.8 254.8 254.8 254.8 254.8 254.8 254.8 254.7 254.7 254.5 254.4 254.4 254.2 254.0 254.0 253.9 253.7 253.6
243.9 244.5 245.3 246.1 246.6 246.8 246.7 246.3 245.9 245.6 245.7 245.9 246.2 246.5 246.5 246.4 246.4 246.3 246.3 246.3 246.5 246.6 246.9 247.6 248.4 249.2 249.8 250.4 250.7 251.5 252.0 252.5 252.7 253.0 253.3 253.6 253.9 253.8 254.0 254.2 254.5 254.8 255.1 255.1 255.4 255.7 256.0 256.0 255.7 255.7 255.7 255.6 255.4 255.4 255.4 255.4 255.3 255.4 255.1 255.1 255.1 255.1 255.1 255.1 255.1 255.1 255.1 255.1 255.0 254.8 254.8 254.5 254.2 254.1 254.2 253.9 253.7
243.4 244.0 244.8 245.7 246.5 247.0 247.0 247.1 247.0 246.6 246.6 247.1 247.4 247.9 247.9 247.9 247.9 247.7 247.5 247.3 247.1 246.9 247.1 247.5 248.1 248.9 249.5 250.1 250.6 251.3 251.8 252.4 252.8 253.1 253.4 253.7 254.0 254.2 254.1 254.5 254.8 255.1 255.4 255.4 255.7 256.0 256.1 256.3 256.2 256.0 256.0 256.0 255.9 255.9 255.9 255.9 255.7 255.7 255.6 255.6 255.6 255.6 255.6 255.6 255.6 255.6 255.6 255.4 255.4 255.1 255.1 254.8 254.4 254.5 254.3 254.0 253.7
243.3 243.7 244.1 245.0 246.0 246.6 246.8 247.3 247.5 247.4 247.5 248.0 248.3 248.9 249.1 249.1 249.3 249.3 249.2 248.8 248.5 248.2 248.0 247.9 248.3 248.9 249.3 250.0 250.6 251.2 251.8 252.5 252.8 253.1 253.4 253.7 254.0 254.3 254.5 254.8 255.1 255.4 255.5 255.7 256.0 256.3 256.4 256.6 256.8 256.5 256.5 256.5 256.5 256.3 256.3 256.3 256.0 256.0 256.0 256.0 256.0 256.0 256.0 256.0 256.0 256.0 256.0 255.7 255.7 255.4 255.4 255.1 255.0 254.8 254.5 254.2 253.7
243.5 243.6 243.9 244.6 245.3 246.0 246.5 247.1 247.4 247.8 248.1 248.4 248.9 249.5 249.8 250.0 250.1 250.1 250.1 250.0 249.7 249.4 249.0 248.9 249.0 249.4 249.7 250.2 250.6 251.2 251.8 252.2 252.5 252.8 253.4 253.6 254.1 254.4 254.8 255.1 255.2 255.5 255.7 256.0 256.3 256.8 257.1 257.1 257.2 257.1 257.1 257.1 257.1 256.8 256.8 256.6 256.5 256.5 256.5 256.5 256.5 256.5 256.5 256.5 256.5 256.3 256.3 256.0 256.0 255.7 255.5 255.4 255.2 254.9 254.6 254.3 253.9
243.9 243.9 244.0 244.4 245.1 245.5 246.2 246.6 246.9 247.5 248.1 248.5 249.1 249.8 250.0 250.4 250.3 250.5 250.5 250.5 250.4 250.3 250.0 249.8 249.8 250.1 250.4 250.7 251.0 251.4 252.0 252.3 252.6 252.9 253.3 253.8 254.4 254.7 255.0 255.4 255.6 255.6 256.0 256.5 256.8 257.2 257.5 257.7 257.7 257.7 257.7 257.7 257.5 257.4 257.4 257.1 257.1 257.1 257.1 256.9 256.9 256.9 256.9 256.9 256.9 256.6 256.6 256.5 256.3 256.0 255.7 255.5 255.2 254.9 254.6 254.3 254.0
244.7 244.9 244.9 245.0 245.3 245.4 245.8 246.2 246.4 247.1 247.5 248.4 249.0 249.5 250.0 250.3 250.3 250.6 250.8 250.8 250.8 250.8 250.7 250.6 250.6 250.7 251.0 251.3 251.4 251.7 252.3 252.6 252.9 253.2 253.7 254.3 255.0 255.2 255.6 255.9 256.0 256.2 256.2 256.9 257.4 257.7 257.8 258.1 258.3 258.3 258.3 258.1 258.0 258.0 257.8 257.7 257.7 257.7 257.5 257.4 257.4 257.4 257.4 257.4 257.2 257.1 256.9 256.7 256.4 256.1 255.8 255.7 255.4 254.9 254.6 254.3 254.0
245.7 246.0 246.0 246.0 245.8 245.8 245.7 245.8 246.3 246.8 247.1 247.6 248.4 249.2 249.9 250.2 250.3 250.6 250.9 251.1 251.3 251.3 251.3 251.3 251.3 251.5 251.6 251.9 251.9 252.2 252.6 252.9 253.2 253.7 254.3 254.9 255.4 255.9 256.0 256.3 256.5 256.8 256.9 257.4 258.0 258.3 258.3 258.6 258.7 258.7 258.7 258.4 258.4 258.4 258.3 258.3 258.3 258.1 258.0 258.0 258.0 258.0 257.8 257.8 257.7 257.5 257.2 256.9 256.6 256.1 255.8 255.8 255.5 254.9 254.6 254.3 254.0
246.3 246.6 246.8 246.8 246.6 246.4 246.1 246.0 246.3 246.4 246.8 247.0 247.8 248.7 249.3 249.8 250.3 250.6 250.9 251.2 251.6 251.7 251.9 251.9 252.1 252.2 252.2 252.3 252.5 252.8 253.1 253.4 253.9 254.3 255.0 255.6 255.9 256.3 256.3 256.8 257.1 257.4 257.7 258.0 258.4 258.7 258.9 259.2 259.2 259.0 259.0 258.9 258.9 258.7 258.7 258.7 258.7 258.6 258.4 258.4 258.4 258.4 258.3 258.1 258.1 257.8 257.5 257.2 256.7 256.1 255.8 255.8 255.5 254.9 254.6 254.3 254.0
246.4 246.7 247.0 247.2 247.4 247.0 246.9 246.9 246.7 246.5 246.6 246.9 247.5 248.3 248.9 249.5 250.2 250.5 251.0 251.3 251.5 252.0 252.4 252.5 252.6 252.8 252.8 253.0 253.1 253.4 253.7 254.0 254.7 255.0 255.4 256.0 256.3 256.6 256.6 257.2 257.5 257.8 258.3 258.6 258.9 259.2 259.5 259.6 259.6 259.5 259.5 259.5 259.3 259.2 259.2 259.0 259.0 259.1 258.7 258.7 258.7 258.7 258.7 258.4 258.4 258.1 257.8 257.4 256.8 256.1 255.8 255.8 255.5 254.9 254.6 254.3 254.2
246.4 246.7 247.0 247.5 247.8 247.7 247.9 247.8 247.5 247.2 247.1 247.3 247.5 247.9 248.6 249.2 249.8 250.1 250.8 251.1 251.6 252.2 252.5 253.0 253.2 253.3 253.4 253.7 253.9 254.0 254.3 254.6 255.1 255.4 255.9 256.3 256.6 256.9 256.9 257.5 257.8 258.1 258.8 259.0 259.4 259.6 260.2 260.1 260.1 260.1 260.1 260.1 259.8 259.8 259.8 259.5 259.3 259.3 259.2 259.0 259.0 259.0 259.1 258.7 258.8 258.5 258.2 257.4 256.6 255.9 255.6 255.6 255.3 254.9 254.6 254.5 254.3
