models/Code Examples/GIS/data/local-elevation.asc
ncols 195
nrows 195
xllcorner -84.355652
yllcorner 39.177963
cellsize 0.000093
NODATA_value -9999
[rows 102 to 135 of 195, columns 0 to 76 of 195]
250.2 250.2 250.2 250.1 249.8 249.2 248.5 247.8 247.2 246.7 246.7 246.7 246.7 246.8 246.8 247.1 247.1 247.3 247.5 247.1 246.8 246.2 244.9 243.9 243.3 243.2 243.8 244.7 245.8 246.3 247.0 247.3 247.5 247.8 247.8 247.8 247.5 247.5 247.1 246.7 246.2 245.3 244.4 244.1 243.9 244.2 244.5 245.0 245.0 244.9 244.9 244.8 244.9 244.9 244.9 244.8 244.2 243.1 241.6 239.8 238.1 238.4 239.2 240.4 241.6 242.8 243.3 243.9 244.4 245.0 246.0 246.3 246.5 246.9 246.6 246.4 246.2
250.5 250.5 250.5 250.5 250.2 249.8 249.2 248.5 248.2 247.5 247.3 247.3 247.3 247.3 247.3 247.5 247.5 247.4 247.6 247.5 246.8 246.2 245.0 244.1 243.5 243.5 244.1 244.8 245.7 246.5 247.2 247.4 247.8 247.9 248.1 248.1 247.8 247.8 247.6 247.4 247.1 246.3 245.6 245.3 244.9 245.1 245.4 245.5 245.5 245.5 245.5 245.5 245.7 245.7 245.7 245.5 244.9 243.9 242.3 240.5 238.7 238.4 239.3 240.7 242.1 243.3 243.9 244.6 244.8 245.3 245.8 246.4 246.9 247.0 246.8 246.9 246.5
250.8 250.8 250.8 250.6 250.5 250.2 249.8 249.4 248.9 248.5 248.1 247.9 247.9 247.7 247.7 247.8 247.8 247.8 247.7 247.8 247.2 246.6 245.5 244.6 243.9 243.7 244.4 245.0 245.9 246.6 247.2 247.8 248.1 248.1 248.2 248.4 248.1 248.1 248.1 247.8 247.5 247.0 246.6 246.1 246.0 246.0 246.3 246.3 246.3 246.3 246.3 246.3 246.4 246.4 246.4 246.3 245.7 244.8 243.3 241.3 239.3 238.7 239.4 240.9 242.6 244.0 244.8 245.4 245.7 245.6 245.9 246.1 246.6 247.0 247.1 247.2 246.8
251.1 251.1 251.1 250.8 250.8 250.5 250.2 249.9 249.5 249.2 249.1 248.6 248.6 248.4 248.3 248.0 248.1 248.1 248.1 247.9 247.4 246.8 246.1 245.4 244.8 244.4 244.9 245.5 246.2 246.8 247.6 248.0 248.4 248.4 248.4 248.5 248.4 248.4 248.2 248.1 247.8 247.7 247.4 246.9 246.9 246.9 247.2 247.4 247.4 247.4 247.4 247.2 247.2 247.2 247.2 247.1 246.4 245.6 243.9 241.7 239.6 238.5 239.1 240.8 242.9 244.6 245.5 246.1 246.5 246.1 246.2 246.2 246.3 247.0 247.5 247.4 247.3
251.4 251.4 251.4 251.1 251.1 250.8 250.5 250.2 250.1 249.8 249.6 249.2 249.0 249.0 248.7 248.6 248.4 248.4 248.4 248.2 247.9 247.7 247.1 246.5 245.7 245.4 245.5 245.9 246.5 247.3 248.0 248.5 248.7 248.7 248.7 248.7 248.7 248.5 248.4 248.2 248.0 248.0 247.9 247.8 247.8 248.0 248.3 248.4 248.6 248.7 248.5 248.1 248.0 248.0 248.0 247.5 247.1 246.0 244.1 242.0 239.8 238.7 239.2 240.8 243.0 244.9 246.0 246.6 246.9 246.7 246.7 246.5 246.5 246.9 247.5 247.9 247.9
251.7 251.7 251.7 251.6 251.4 251.1 250.8 250.5 250.5 250.2 250.1 249.8 249.5 249.5 249.2 249.0 248.7 248.7 248.7 248.7 248.8 248.8 248.1 247.7 246.8 246.3 246.1 246.2 246.9 247.8 248.5 249.2 249.2 249.2 249.0 249.0 249.0 248.6 248.7 248.3 248.5 248.7 248.7 248.5 248.7 249.1 249.2 249.4 249.5 249.5 249.2 248.9 248.6 248.4 248.4 247.9 247.5 246.2 244.6 242.6 240.7 239.6 239.7 241.1 243.0 244.7 245.9 246.7 247.2 247.4 247.4 247.2 247.2 247.5 247.9 248.4 248.5
252.0 252.1 251.8 251.9 251.8 251.4 251.1 251.0 251.0 250.7 250.5 250.2 250.1 249.9 249.6 249.3 249.0 249.0 249.0 249.2 249.3 249.3 249.1 248.8 248.1 247.1 246.6 246.6 246.9 248.0 249.0 249.6 249.6 249.6 249.5 249.3 249.3 249.1 249.0 248.8 249.2 249.5 249.5 249.3 249.5 249.6 249.8 249.9 249.9 249.9 249.6 249.3 249.0 248.9 248.7 248.6 247.9 246.9 245.6 243.8 242.0 240.5 240.4 241.0 242.7 244.0 245.6 246.7 247.3 247.8 247.8 248.0 248.0 248.3 248.5 248.9 249.2
252.4 252.1 252.0 252.0 251.8 251.7 251.4 251.4 251.4 251.1 250.8 250.5 250.5 250.2 249.7 249.4 249.3 249.3 249.3 249.6 249.8 249.8 249.8 249.5 248.9 247.5 246.7 246.7 247.1 248.3 249.3 249.9 249.9 250.1 250.1 249.7 249.7 249.7 249.4 249.4 249.7 250.0 250.2 250.3 250.3 250.1 250.2 250.2 250.2 250.2 249.7 249.4 249.3 249.3 249.2 249.0 248.8 247.8 246.6 244.8 243.0 241.3 240.6 240.9 241.8 243.2 244.9 246.3 247.3 247.9 248.1 248.4 248.6 248.9 249.2 249.3 249.6
252.5 252.3 252.4 252.1 252.0 252.1 251.7 251.7 251.7 251.4 251.1 250.8 250.8 250.5 249.9 249.6 249.6 249.6 249.8 249.8 250.2 250.4 250.2 249.9 249.2 247.8 246.9 246.6 247.2 248.7 249.6 250.2 250.4 250.5 250.7 250.5 250.5 250.5 250.4 250.6 250.7 251.0 251.2 251.2 251.0 250.7 250.7 250.7 250.5 250.5 250.1 249.7 249.6 249.6 249.6 249.4 249.5 248.8 247.6 245.7 243.7 241.7 240.6 240.7 241.1 242.4 243.9 245.5 246.8 247.6 248.1 248.5 249.0 249.3 249.6 249.8 249.9
252.7 252.5 252.5 252.3 252.4 252.1 252.0 252.0 252.0 251.7 251.6 251.3 251.1 250.8 250.4 250.1 249.8 250.0 250.3 250.7 250.8 251.0 250.7 250.2 249.1 247.9 247.0 246.8 247.4 249.0 249.9 250.5 250.8 251.0 251.3 251.5 251.5 251.7 251.7 252.0 252.0 252.1 251.9 251.9 251.6 251.3 251.3 251.1 250.8 250.8 250.5 250.4 250.0 250.0 250.0 250.2 250.1 249.5 248.3 246.5 244.3 242.2 240.8 240.4 240.6 241.7 243.2 244.6 245.8 246.7 247.5 248.3 248.9 249.4 249.7 250.0 250.2
252.8 252.7 252.7 252.5 252.5 252.3 252.4 252.4 252.4 252.0 252.0 251.9 251.6 251.3 251.0 250.7 250.6 250.8 251.1 251.8 251.8 251.8 251.3 250.5 249.3 248.1 247.1 247.1 247.7 249.3 250.0 250.6 251.1 251.5 251.8 252.1 252.3 252.6 252.6 252.7 252.7 252.7 252.6 252.4 252.2 251.9 251.7 251.4 251.3 251.1 251.0 251.0 250.9 250.8 251.0 251.2 250.9 250.1 248.9 246.9 244.8 242.6 241.1 240.3 240.5 241.3 242.6 243.6 244.8 245.9 246.9 247.8 248.6 249.2 249.7 250.0 250.4
252.8 252.8 252.8 252.7 252.7 252.5 252.4 252.4 252.5 252.3 252.3 252.3 252.2 251.9 251.4 251.1 251.3 251.8 252.1 252.5 252.5 252.6 252.0 250.8 249.6 248.4 247.6 247.5 248.1 249.4 250.0 250.6 251.3 251.6 251.9 252.2 252.5 252.8 253.0 253.0 253.0 253.0 252.8 252.6 252.7 252.4 252.0 251.7 251.7 251.6 251.6 251.8 251.8 252.0 252.1 252.1 251.6 250.8 249.4 247.2 245.1 242.9 241.2 240.3 240.6 241.2 242.4 243.2 244.4 245.7 246.6 247.5 248.3 248.9 249.7 250.0 250.1
252.6 252.6 252.6 252.6 252.6 252.7 252.7 252.6 252.6 252.7 252.7 252.7 252.7 252.4 251.7 251.4 251.7 252.4 252.7 253.0 253.0 252.8 252.2 251.3 250.1 248.8 248.3 247.7 248.2 249.2 249.8 250.5 251.1 251.6 251.8 252.1 252.7 252.8 253.1 253.1 253.1 253.1 253.0 253.0 252.8 252.7 252.3 252.2 252.0 252.3 252.3 252.4 252.6 252.9 252.9 252.7 252.1 251.0 249.5 247.3 245.2 243.1 241.4 240.5 240.6 241.1 242.4 243.6 244.9 245.9 246.6 247.6 248.2 248.8 249.5 249.8 250.0
252.3 252.3 252.5 252.5 252.4 252.6 252.6 252.8 252.8 252.8 252.8 252.8 252.8 252.7 252.1 251.7 252.0 252.5 252.8 253.1 253.1 253.0 252.4 251.8 250.7 249.7 248.9 248.2 248.4 248.9 249.7 250.1 250.7 251.3 251.8 252.1 252.6 252.8 253.1 253.1 253.1 253.1 253.1 253.1 253.0 252.8 252.7 252.5 252.4 252.5 252.5 252.5 252.8 253.1 253.1 252.8 252.2 251.0 249.5 247.3 245.2 243.0 241.5 240.6 240.6 241.4 242.5 244.1 245.3 246.2 246.8 247.6 248.2 248.8 249.2 249.7 250.0
252.0 252.0 252.3 252.3 252.5 252.4 252.4 252.8 252.8 252.8 252.8 252.8 252.8 252.8 252.2 252.0 252.4 252.4 252.8 253.1 253.1 253.1 252.5 251.9 251.1 250.4 249.5 248.9 248.7 248.8 249.5 249.8 250.4 251.2 251.9 252.3 252.6 252.8 253.1 253.1 253.1 253.1 253.3 253.0 253.1 253.0 252.8 252.6 252.5 252.5 252.5 252.5 252.6 252.9 252.9 252.6 252.0 250.8 249.3 247.2 245.0 243.1 241.6 240.8 240.6 241.5 242.9 244.4 245.6 246.6 247.0 247.6 248.4 248.8 249.2 249.8 250.2
251.5 251.7 251.8 252.0 252.3 252.5 252.5 252.8 252.8 252.8 252.8 252.8 252.8 252.8 252.3 252.4 252.4 252.6 252.8 253.1 253.1 252.9 252.4 252.1 251.4 250.8 250.1 249.5 249.2 249.0 249.2 249.7 250.1 251.1 251.6 252.5 252.8 252.7 253.1 253.1 253.0 253.3 253.4 253.3 253.0 253.1 253.0 253.0 252.7 252.7 252.4 252.5 252.3 252.4 252.4 252.1 251.5 250.3 248.8 246.7 244.5 242.7 241.2 240.7 240.5 241.6 242.9 244.5 245.7 246.7 247.0 247.6 248.5 249.0 249.8 250.4 250.7
251.1 251.2 251.3 251.7 252.2 252.3 252.5 252.6 252.8 252.8 252.8 252.8 252.8 252.8 252.5 252.4 252.6 252.8 252.8 252.9 252.9 252.7 252.7 252.2 251.7 251.1 250.7 250.1 249.6 249.3 249.3 249.5 250.0 250.7 251.5 252.5 252.8 253.0 253.1 253.0 253.3 253.4 253.4 253.4 253.3 253.3 253.1 253.1 252.8 252.8 252.7 252.5 252.1 252.2 252.0 251.7 250.9 249.7 248.2 246.0 243.9 242.0 240.7 240.4 240.7 241.9 243.3 244.7 245.9 246.7 247.0 247.5 248.5 249.3 250.2 250.6 251.3
250.6 250.8 251.1 251.4 251.8 252.2 252.3 252.4 252.8 252.8 252.8 252.8 252.8 252.8 252.6 252.6 252.8 252.7 252.7 252.7 252.9 253.0 252.8 252.3 252.0 251.4 251.1 250.5 250.1 249.8 249.6 249.6 250.0 250.6 251.5 252.3 252.8 252.9 253.1 253.3 253.4 253.4 253.4 253.4 253.4 253.4 253.3 253.3 253.0 252.7 252.8 252.4 252.1 252.0 251.7 251.2 250.3 249.3 247.6 245.4 243.5 241.8 240.5 240.2 241.0 242.4 244.0 245.2 246.2 246.6 246.9 247.7 248.7 249.6 250.2 250.6 251.6
249.9 250.3 250.6 251.1 251.5 252.0 252.1 252.5 252.8 252.7 252.7 252.7 252.7 252.7 252.9 252.9 252.9 252.9 253.1 253.1 253.2 253.0 252.9 252.6 252.3 251.7 251.4 250.8 250.5 250.2 249.9 249.8 250.2 250.8 251.5 251.9 252.6 252.7 253.1 253.4 253.4 253.4 253.6 253.6 253.6 253.4 253.4 253.4 253.1 253.0 252.8 252.7 252.4 251.8 251.4 250.8 249.7 248.6 246.8 244.8 243.1 241.7 240.9 240.7 241.7 243.1 244.4 245.7 246.6 246.8 247.3 248.1 248.8 249.5 249.8 250.4 251.3
249.5 249.8 250.1 250.7 251.4 251.6 252.1 252.5 252.8 253.0 252.9 252.9 252.9 253.1 253.2 253.4 253.4 253.4 253.7 253.7 253.7 253.4 253.4 253.1 252.6 252.2 251.7 251.3 250.8 250.5 250.3 250.6 250.6 251.1 251.5 251.8 252.5 252.8 253.1 253.2 253.4 253.4 253.7 253.7 253.7 253.6 253.6 253.4 253.3 253.1 252.7 252.8 252.5 251.9 251.2 250.4 249.2 247.8 246.0 244.5 243.1 242.3 241.9 241.9 242.5 243.5 244.6 245.6 246.7 247.2 247.8 248.4 249.0 249.3 249.6 250.2 251.2
249.4 249.5 249.8 250.6 251.0 251.5 252.1 252.5 252.8 253.1 253.2 253.2 253.4 253.6 253.7 253.8 254.0 254.0 254.3 254.3 254.3 254.2 254.0 253.7 253.3 252.8 252.4 251.9 251.3 251.1 251.2 251.3 251.5 251.6 251.9 252.0 252.2 252.5 252.9 253.0 253.4 253.4 253.7 253.9 253.7 253.7 253.7 253.6 253.4 253.3 252.9 253.0 252.7 251.9 251.3 250.4 249.0 247.4 245.7 244.7 243.9 243.2 243.1 243.0 243.1 243.6 244.2 245.1 246.3 247.3 248.1 248.7 249.3 249.7 250.2 250.8 251.6
249.3 249.5 249.8 250.4 251.1 251.5 252.1 252.4 252.7 253.3 253.6 253.6 253.9 253.8 254.2 254.3 254.7 254.6 255.0 255.0 255.0 255.0 254.8 254.5 254.0 253.6 253.1 252.5 252.1 252.1 251.9 252.1 252.2 252.2 252.5 252.5 252.5 252.6 252.9 253.2 253.3 253.6 253.9 254.0 253.9 253.7 253.7 253.7 253.5 253.4 253.3 253.1 252.8 251.9 251.1 250.0 248.6 247.1 245.9 245.2 244.6 244.4 244.2 243.8 243.5 243.6 243.7 244.5 245.9 246.9 248.0 249.0 249.6 250.4 251.0 251.6 252.2
249.9 250.0 250.4 250.6 251.4 251.7 252.3 252.6 252.9 253.4 253.7 253.9 254.1 254.4 254.4 254.8 255.1 255.3 255.4 255.6 255.6 255.6 255.6 255.3 254.8 254.6 253.9 253.5 253.0 252.8 252.5 252.8 253.0 253.0 253.1 253.1 253.1 253.1 253.2 253.6 253.5 253.7 254.0 254.0 254.0 253.8 253.9 253.9 253.9 253.6 253.6 253.1 252.8 251.9 251.0 249.7 248.5 247.1 246.2 245.8 245.4 245.4 245.3 245.0 244.1 243.8 243.6 243.8 245.2 246.3 247.5 249.0 249.7 250.9 251.7 252.2 252.8
250.9 250.8 251.0 251.3 251.7 252.0 252.4 253.0 253.3 253.6 253.8 254.2 254.7 254.8 255.0 255.1 255.4 255.7 255.7 256.0 256.0 256.0 256.0 255.9 255.6 255.3 254.9 254.6 253.9 253.6 253.3 253.4 253.7 253.8 253.5 253.5 253.5 253.5 253.5 253.9 253.9 253.8 254.1 254.2 254.2 254.2 254.0 254.0 254.0 253.7 253.7 253.1 252.8 251.7 250.6 249.6 248.5 247.5 246.7 246.2 245.9 246.1 246.3 246.0 245.1 244.3 243.6 243.6 244.4 245.7 246.9 248.5 249.6 250.8 251.7 252.5 253.3
251.8 251.8 251.8 251.9 252.0 252.3 252.6 253.1 253.4 253.7 254.2 254.5 254.9 255.1 255.4 255.4 255.7 256.0 256.0 256.1 256.3 256.3 256.3 256.3 256.0 255.9 255.6 255.3 254.9 254.6 254.2 254.2 254.3 254.2 254.0 254.0 254.0 254.0 254.0 254.2 254.2 254.2 254.5 254.5 254.3 254.3 254.2 254.2 254.2 253.9 253.7 253.1 252.8 251.6 250.3 249.3 248.3 248.0 247.3 246.7 246.4 246.5 247.2 246.9 246.2 245.0 244.1 243.6 244.0 244.9 246.1 247.7 248.9 250.1 251.2 252.1 253.3
252.4 252.4 252.4 252.3 252.3 252.6 252.9 253.2 253.5 253.8 254.3 254.8 255.1 255.4 255.5 255.7 255.8 256.1 256.1 256.3 256.4 256.4 256.4 256.4 256.3 256.3 256.2 255.9 255.6 255.3 255.0 255.0 255.0 254.7 254.5 254.5 254.5 254.5 254.5 254.5 254.5 254.5 254.8 254.6 254.5 254.5 254.5 254.5 254.3 254.0 253.7 253.1 252.6 251.4 250.2 248.9 248.2 248.5 248.2 247.6 247.2 247.1 247.9 248.0 247.4 246.4 245.1 243.9 243.7 244.1 245.0 246.4 247.8 249.0 250.3 251.4 252.6
252.6 252.6 252.6 252.6 252.6 252.9 253.2 253.6 253.9 254.2 254.4 254.9 255.4 255.5 255.7 255.8 256.0 256.1 256.1 256.4 256.4 256.4 256.4 256.4 256.4 256.4 256.5 256.3 256.0 255.7 255.4 255.4 255.4 255.1 255.0 254.8 254.8 254.7 254.8 254.8 254.8 254.8 254.9 254.8 254.8 254.8 254.8 254.8 254.5 254.3 253.9 253.3 252.4 251.2 250.0 248.6 247.8 248.0 248.4 248.1 248.1 248.3 248.9 249.2 248.6 247.5 246.0 244.8 243.7 243.7 244.1 245.0 246.4 247.6 248.8 250.0 251.5
252.9 252.9 252.9 252.9 252.9 253.3 253.6 253.7 254.2 254.5 254.8 255.1 255.5 255.7 255.8 255.8 256.2 256.1 256.1 256.4 256.4 256.4 256.4 256.4 256.4 256.4 256.4 256.4 256.1 256.0 255.7 255.7 255.7 255.6 255.4 255.3 255.3 255.3 255.1 255.1 255.1 255.1 255.1 255.1 255.1 255.1 255.1 254.9 254.8 254.8 254.2 253.5 252.6 251.6 250.2 248.7 247.3 247.2 247.6 248.2 248.9 249.4 250.0 250.3 249.7 248.6 247.3 245.8 244.4 243.7 243.7 244.1 245.0 246.2 247.2 248.4 250.0
253.3 253.3 253.3 253.3 253.3 253.4 253.7 253.9 254.3 254.6 254.9 255.2 255.5 255.8 255.8 255.8 255.9 256.1 256.1 256.2 256.4 256.4 256.4 256.4 256.4 256.4 256.4 256.4 256.1 256.1 256.0 256.0 255.8 255.8 255.7 255.7 255.7 255.7 255.4 255.4 255.4 255.4 255.4 255.4 255.4 255.4 255.2 255.1 255.1 255.1 254.5 254.1 253.1 252.0 250.5 249.0 247.6 246.9 247.2 248.3 249.3 250.1 250.7 251.0 250.5 250.0 248.8 247.4 245.9 244.6 243.9 243.8 244.0 245.1 246.0 247.3 248.6
253.2 253.2 253.4 253.4 253.4 253.4 253.7 254.0 254.5 254.8 254.9 255.2 255.5 255.8 255.8 255.8 255.8 256.1 256.1 256.1 256.2 256.2 256.2 256.4 256.4 256.4 256.4 256.4 256.1 256.1 256.1 256.1 256.0 255.8 255.8 255.8 255.8 255.8 255.7 255.7 255.7 255.7 255.5 255.5 255.5 255.5 255.4 255.4 255.4 255.4 255.0 254.5 253.8 252.5 251.0 249.5 248.3 247.5 247.8 248.8 249.7 250.7 251.3 251.6 251.7 251.3 250.5 249.3 247.7 246.2 245.1 244.4 244.2 244.7 245.5 246.5 247.8
252.9 253.1 253.2 253.2 253.4 253.4 253.7 254.0 254.4 254.9 254.9 255.2 255.5 255.6 255.8 255.8 255.8 256.1 256.1 256.1 256.1 256.1 256.1 256.2 256.2 256.2 256.2 256.2 256.1 256.1 256.1 256.1 256.1 256.0 256.0 256.0 256.0 256.0 256.0 256.0 255.8 255.8 255.7 255.7 255.7 255.7 255.7 255.7 255.7 255.7 255.4 255.0 254.4 253.2 251.6 250.1 248.9 248.5 248.8 249.5 250.4 251.1 251.9 252.4 252.7 252.8 252.2 251.3 249.8 248.2 246.8 245.7 245.2 245.1 245.6 246.3 247.4
252.4 252.7 252.7 252.9 253.2 253.4 253.7 254.0 254.3 254.9 254.9 255.2 255.5 255.5 255.8 255.8 255.8 256.1 256.1 256.1 256.1 256.1 256.1 256.1 256.1 256.1 256.1 256.1 256.1 256.1 256.1 256.1 256.1 256.1 256.1 256.1 256.1 256.1 256.1 256.1 256.0 256.0 256.0 256.0 256.0 256.0 256.0 256.0 256.0 256.0 255.7 255.4 255.0 253.8 252.3 250.7 249.5 249.2 249.3 249.9 251.0 251.6 252.5 253.3 253.8 254.1 253.7 253.1 252.0 250.4 249.1 247.6 246.6 246.1 246.1 246.3 247.1
251.8 252.3 252.3 252.8 252.9 253.2 253.7 254.0 254.3 254.7 254.9 255.2 255.5 255.5 255.6 255.8 255.8 256.1 256.1 256.1 256.1 256.1 256.1 256.1 256.1 256.1 256.1 256.1 256.1 256.1 256.1 256.1 256.1 256.1 256.3 256.3 256.3 256.3 256.3 256.3 256.3 256.3 256.3 256.3 256.3 256.3 256.3 256.1 256.1 256.1 256.0 255.7 255.4 254.2 252.7 251.2 250.0 249.4 249.6 250.2 251.4 252.2 253.1 254.0 254.9 255.2 255.1 254.5 253.8 252.4 251.2 249.6 248.4 247.4 246.7 246.6 246.6
251.2 251.8 252.0 252.6 252.8 253.1 253.5 254.0 254.3 254.6 254.9 255.2 255.5 255.7 255.7 255.8 255.8 255.9 256.1 256.1 256.1 256.1 256.1 256.1 256.1 256.1 256.1 256.1 256.1 256.1 256.1 256.1 256.1 256.3 256.4 256.4 256.4 256.4 256.6 256.6 256.6 256.6 256.6 256.6 256.4 256.4 256.4 256.3 256.3 256.3 256.1 256.0 255.6 254.4 252.6 251.1 249.9 249.4 249.7 250.5 251.7 252.8 253.9 254.8 255.6 255.9 255.9 255.3 254.9 253.9 252.6 251.3 250.1 248.7 247.5 246.7 246.1
