models/Code Examples/GIS/data/world-elevation.asc
ncols 360
nrows 180
xllcorner -180
yllcorner -90
cellsize 1
NODATA_value -9999
[rows 72 to 107 of 180, columns 164 to 245 of 360]
33 58 89 181 267 250 244 241 289 365 361 327 303 306 385 330 318 473 416 454 372 339 385 541 896 616 508 480 453 419 357 291 271 236 245 297 380 678 881 958 651 576 520 513 457 398 357 428 425 392 443 591 637 804 391 -412 -626 -50 740 2080 1338 885 739 660 584 543 604 658 616 597 525 -552 -1410 -1928 -3235 -3452 -3830 -3843 -3750 -3658 -3553 -3443
28 32 54 132 229 275 244 222 281 355 330 248 268 274 303 295 301 495 500 434 383 337 491 460 549 501 456 453 434 395 345 265 173 244 240 336 463 616 977 916 678 684 650 596 475 465 555 511 409 430 473 521 559 810 962 -95 -461 -376 140 2156 1630 1034 940 900 896 782 949 572 214 -835 -1920 -2968 -3572 -3767 -3509 -3166 -3907 -3919 -3842 -3756 -3675 -3610
60 63 58 91 152 203 244 256 256 267 276 273 286 318 301 272 284 335 327 294 326 289 360 391 495 469 456 358 296 286 340 343 274 273 285 342 495 786 927 924 910 891 845 757 581 617 598 456 400 461 483 484 707 928 1420 313 -52 -431 -11 1555 2101 1286 945 935 1127 1061 679 185 -1138 -2363 -2791 -2909 -3176 -3689 -3913 -3560 -4077 -4013 -3936 -3870 -3822 -3784
58 60 61 63 121 250 291 308 311 280 268 273 369 289 312 291 273 305 289 254 278 290 382 377 482 452 467 417 319 292 324 317 272 285 352 374 547 908 1055 1002 1120 1043 819 788 716 731 490 476 375 415 554 573 680 1040 1792 1561 113 -58 -185 976 2259 1841 1016 757 632 -630 -1358 -1490 -2166 -2307 -2504 -2537 -2762 -3308 -3780 -3992 -4154 -4108 -4039 -3975 -3935 -3911
33 40 63 102 194 247 313 384 364 284 273 303 273 326 336 305 264 214 225 249 257 328 433 436 452 422 358 307 279 274 281 280 276 296 332 408 565 722 908 1146 1402 857 758 756 722 663 510 442 360 430 492 564 887 1627 1796 1768 153 348 -37 668 1160 667 0 -871 -1402 -2040 -2270 -2366 -2353 -2657 -2952 -3373 -3245 -3290 -3797 -4273 -4255 -4187 -4131 -4080 -4042 -4025
35 46 98 261 286 372 431 452 400 327 319 341 290 302 297 302 273 247 235 242 255 389 504 569 456 409 398 382 310 272 274 292 291 342 484 514 572 692 857 1004 1034 763 697 664 617 648 577 552 446 431 434 619 1429 2235 2066 1607 514 591 446 -57 -281 -896 -1645 -1939 -2081 -2182 -2101 -1264 -1497 -795 -1386 -3590 -3803 -3563 -4268 -4368 -4293 -4279 -4231 -4188 -4154 -4146
6 99 323 741 632 457 431 422 404 367 416 355 305 321 306 250 256 289 282 251 276 412 591 647 580 562 464 462 415 301 285 311 383 450 590 554 541 559 717 763 554 650 668 654 672 722 687 638 482 518 568 1069 1906 2253 2250 2090 741 550 455 -245 -885 -1481 -1788 -1371 -1092 -644 0 -384 -1299 -1795 -2910 -3635 -4065 -3930 -4194 -4380 -4383 -4354 -4330 -4293 -4265 -4251
-14 60 305 550 614 449 434 431 426 405 394 326 326 324 201 207 186 416 327 319 277 323 467 623 830 707 468 374 540 661 445 416 393 430 380 463 455 472 529 565 532 516 494 489 483 499 520 494 451 502 1073 1327 1684 2340 2133 2362 843 749 923 512 -248 56 330 1267 1011 636 255 -430 -3202 -4034 -4238 -3643 -3644 -3716 -3544 -4408 -4401 -4410 -4411 -4377 -4363 -4356
-134 -30 91 140 436 532 584 532 451 418 351 259 303 274 174 208 234 400 330 374 231 219 278 586 870 650 339 341 399 332 370 385 362 401 380 396 415 492 628 846 666 716 553 483 452 403 366 371 370 501 1412 1737 1798 2065 2434 2059 1076 1524 1597 1435 1171 1051 926 813 890 709 153 -1204 -4156 -4589 -4682 -4169 -3925 -3451 -3388 -3913 -4092 -4182 -4447 -4459 -4455 -4451
-3352 -902 0 78 298 426 630 610 412 319 293 262 295 241 131 130 314 259 236 363 334 276 224 308 246 200 210 542 494 434 444 460 431 382 319 443 507 651 810 906 883 698 550 493 428 404 366 368 372 445 1053 1755 1919 2061 2217 1868 1559 1190 1140 1171 992 828 784 692 525 378 -768 -3711 -4887 -4876 -4879 -4272 -4067 -3790 -3223 -3505 -3544 -4275 -4437 -4489 -4468 -4484
-4462 -3334 -631 0 118 357 365 445 409 265 227 181 217 275 215 121 306 161 137 170 312 376 260 207 174 244 549 857 1016 1027 985 743 508 446 455 474 596 732 755 776 792 774 597 489 476 418 366 366 369 408 726 1921 2060 1844 2059 2497 1795 1071 838 901 859 635 546 505 427 36 -2292 -4730 -5078 -5083 -5137 -4379 -4440 -3934 -3416 -3241 -3336 -3748 -4081 -4377 -4491 -4548
-4778 -4603 -4114 -3106 -1024 123 193 239 242 242 203 119 169 209 229 234 114 45 0 0 20 133 178 177 227 638 1144 1088 914 900 1011 993 671 544 519 561 578 619 667 690 784 806 685 592 484 397 368 367 371 585 867 1514 1631 1768 2184 2261 1539 849 519 667 648 605 390 275 137 -625 -3213 -5017 -5108 -5118 -4630 -4710 -4333 -4265 -3789 -3290 -3213 -3387 -3849 -4206 -4429 -4481
-4828 -4782 -4590 -4116 -3333 -1450 0 200 224 176 92 36 51 96 87 0 -1038 -2200 -2872 -2480 -673 21 75 125 277 653 1110 728 711 759 868 682 736 636 533 518 536 579 646 647 689 764 766 716 644 602 559 451 476 599 754 837 1191 1664 1877 1374 884 561 443 366 368 416 236 173 0 -2316 -4486 -4994 -5117 -4910 -4853 -4896 -4557 -4275 -4017 -3696 -3486 -3202 -3599 -3928 -4149 -4220
-4821 -4796 -4666 -4386 -3994 -3302 -1343 -622 0 -1054 -1948 -2526 -1926 -731 0 -2690 -3899 -3859 -3899 -3100 -1374 -96 15 5 49 305 459 571 680 696 661 612 595 562 475 561 520 540 562 564 656 803 812 763 769 814 917 741 1025 1032 608 613 753 1268 1607 1066 819 525 299 430 364 231 163 56 -706 -2942 -4269 -4938 -4952 -4679 -4992 -4859 -4785 -4465 -4361 -4298 -3991 -3631 -3143 -3386 -3714 -3831
-4794 -4658 -4600 -4480 -4334 -4238 -4294 -3881 -3762 -4046 -4039 -4087 -3988 -3968 -4871 -4739 -4528 -4336 -4166 -3768 -2892 -1415 -621 -805 -425 -213 376 730 672 665 625 569 599 500 375 513 516 545 562 545 576 670 758 739 819 922 1127 846 1092 1266 1085 546 660 700 836 849 666 400 243 399 356 182 86 -1007 -2876 -3578 -4628 -4966 -4892 -4996 -4989 -4865 -4800 -4673 -4583 -4588 -4108 -3886 -3497 -3327 -3355 -3317
-4898 -4723 -4773 -4674 -4624 -4667 -4647 -4817 -4837 -4729 -4709 -4721 -4889 -5068 -5018 -4898 -4658 -4504 -4328 -4037 -3728 -3203 -2457 -2510 -1973 -818 491 676 638 586 539 470 452 431 373 353 399 445 432 423 467 574 637 729 912 1081 1475 867 1080 1161 1289 838 781 686 588 541 388 317 216 209 160 30 -1245 -3114 -3941 -4363 -4735 -5023 -5037 -5011 -4996 -4955 -4768 -4623 -4584 -4545 -4413 -4104 -3799 -3598 -3347 -2961
-5125 -4882 -4878 -4787 -4616 -4701 -4755 -4837 -4946 -5004 -5012 -5001 -5004 -5021 -5009 -4951 -4825 -4638 -4389 -4203 -3897 -3617 -3245 -2300 -2193 -291 621 639 472 539 566 533 403 371 366 354 359 359 367 390 446 521 598 698 882 1048 1068 1099 1082 1104 1663 1503 1214 809 318 216 126 103 92 65 0 -1868 -3319 -4087 -4529 -4675 -4979 -5048 -5036 -5034 -4969 -4805 -4364 -4592 -4588 -4587 -4480 -4370 -4035 -3913 -3799 -3508
-3772 -4063 -4320 -4399 -4514 -4526 -4541 -4883 -5024 -5056 -5057 -5050 -5014 -5016 -5007 -4953 -4835 -4685 -4457 -4253 -4022 -3645 0 -2799 -1627 22 436 487 435 553 523 433 388 364 368 393 394 394 394 396 397 472 623 795 970 1418 1180 1162 1168 1147 1549 1776 1768 1278 479 232 37 27 1 0 -2338 -3444 -3903 -4362 -4677 -4811 -5033 -5033 -5015 -4994 -4812 -4175 -4122 -4609 -4551 -4529 -4596 -4505 -4244 -4283 -3933 -3755
-3363 -3986 -4016 -4107 -4226 -4295 -4595 -4645 -4863 -4938 -5007 -5009 -5006 -5014 -4961 -4856 -4601 -4460 -4390 -4225 -4004 -3549 -2859 -2649 -1042 33 131 231 271 438 472 385 307 335 340 338 366 366 374 413 424 501 705 898 1433 1384 1437 1218 1138 1153 1430 2220 2215 1355 500 210 118 46 -319 -2508 -3383 -3956 -4359 -4611 -4768 -4889 -5027 -4980 -4970 -4842 -4732 -4044 -4547 -4564 -4508 -4565 -4560 -4510 -4310 -4272 -4020 -3820
-3929 -3968 -3338 -3206 -3630 -3954 -4114 -4366 -4694 -4953 -5000 -5003 -5003 -4976 -4778 -4639 -4430 -4283 -4289 -4276 -3935 -3354 -3313 -2858 -1010 20 184 477 553 464 542 426 290 329 334 339 366 388 422 439 473 505 751 981 1561 1949 1455 1201 1131 1185 1481 1833 1486 1230 520 141 49 0 -1997 -3204 -3708 -4255 -4607 -4741 -4848 -4959 -5022 -5001 -4980 -4558 -4490 -4485 -4482 -4468 -4531 -4463 -4574 -4605 -4573 -4482 -4069 -3810
-4061 -3987 -3483 -3205 -3348 -3811 -4050 -4218 -4486 -4687 -4875 -4904 -4897 -4813 -4583 -4478 -4483 -4118 -4167 -4459 -4280 -4007 -3761 -3554 -1979 -72 112 248 536 608 659 528 325 336 340 361 384 485 481 571 569 555 769 958 1657 1732 1443 1245 1199 1238 1452 1442 1271 1201 454 130 0 -1532 -3077 -3556 -3944 -4388 -4667 -4810 -4892 -4998 -5028 -4997 -4877 -4279 -4221 -4012 -4369 -4304 -4316 -4195 -4393 -4577 -4449 -4215 -4225 -3901
-4026 -3788 -3522 -3203 -3199 -3716 -3983 -4023 -4136 -4317 -4610 -4704 -4762 -4721 -4506 -4409 -4377 -4352 -4639 -4675 -4716 -4595 -4376 -4171 -3351 -1294 -63 188 237 499 542 586 432 329 381 413 409 449 507 576 616 568 759 1017 1924 1578 1391 1231 1230 1191 1348 1445 1289 1098 615 123 -538 -2301 -3363 -3755 -4207 -4554 -4722 -4819 -4791 -4979 -5012 -5000 -4484 -3368 -2675 -2152 -3496 -4137 -4038 -3757 -3665 -4198 -4175 -4098 -3973 -3846
-3966 -3682 -3488 -3034 -3141 -3509 -3838 -3993 -4169 -4370 -4387 -4603 -4752 -4722 -4725 -4506 -4632 -4773 -5023 -4687 -4622 -4843 -4593 -4238 -3875 -3244 -1552 0 205 336 423 488 574 439 439 447 428 446 499 551 604 593 629 811 1184 1102 1146 1127 1212 1179 1398 1502 1343 928 558 0 -1219 -2459 -3537 -4101 -4423 -4617 -4685 -4791 -4873 -4948 -5004 -4897 -4359 -2929 -593 -24 -1037 -3434 -3947 -4002 -3650 -3698 -4062 -4013 -4028 -3959
-3879 -3728 -3601 -3215 -2881 -3390 -3671 -3788 -4148 -4421 -4730 -4962 -5039 -4837 -4520 -4089 -4498 -5052 -5133 -5048 -5020 -4848 -4640 -4284 -3883 -3294 -2322 -596 91 287 512 689 609 625 580 562 593 599 632 610 665 632 679 737 1016 966 1277 1118 1191 1297 1278 1158 1284 915 241 0 -1743 -2816 -3589 -4064 -4339 -4498 -4611 -4669 -4805 -4532 -4882 -4849 -4351 -1906 -3160 0 -605 -1620 -3467 -4039 -4015 -3797 -4060 -4076 -4002 -3896
-3975 -3713 -3544 -3179 -3117 -3486 -3853 -4088 -4450 -4472 -4592 -4865 -4684 -4383 -4242 -3919 -4131 -5321 -5530 -5009 -5162 -4914 -4667 -4355 -4024 -3629 -2621 -644 39 419 654 879 688 787 731 714 679 717 786 739 764 751 674 671 1049 1086 1136 1218 1161 1364 1175 969 1093 565 132 0 -1703 -2886 -3591 -4018 -4257 -4400 -4474 -4594 -4531 -3574 -4618 -4669 -3513 -3259 -3546 -3282 -2216 -1595 -2097 -3820 -4001 -4060 -4093 -4065 -4044 -3860
-3800 -3461 -3210 -3178 -3414 -3608 -3584 -3942 -4326 -4575 -4671 -4677 -4659 -4440 -4214 -4684 -4861 -5273 -5714 -5390 -5228 -5008 -4762 -4496 -4273 -4052 -3239 -1466 -355 405 700 1039 745 791 939 916 856 846 889 896 942 879 803 734 1151 1428 1096 1223 1233 1370 1209 1245 1024 486 165 -82 -1604 -2933 -3617 -3981 -4158 -4292 -4365 -4383 -4392 -3528 -3968 -4469 -3957 -3843 -3865 -3629 -2550 -2652 -1875 -2331 -3515 -3706 -3751 -4014 -4062 -3879
-3537 -2812 -2479 -2850 -3073 -3559 -3637 -4106 -4328 -4538 -4747 -4715 -4569 -4629 -4797 -5154 -5079 -5306 -5592 -5448 -5289 -5148 -4890 -4694 -4495 -4276 -3683 -2382 -1224 108 620 1028 850 673 1110 1044 981 840 893 954 1037 881 792 1292 1095 1112 1049 1574 1227 1396 1326 1275 440 373 301 -299 -2082 -3067 -3608 -3923 -4055 -4190 -3508 -3468 -4466 -4569 -4082 -3737 -4261 -3726 -3990 -3682 -3392 -3474 -2675 -1315 -1627 -2838 -3310 -3874 -3995 -3881
-3869 -3216 -2466 -2845 -3380 -3447 -3551 -3780 -4138 -4324 -4305 -4445 -4243 -4881 -5114 -5259 -5585 -5667 -5627 -5487 -5358 -5266 -5071 -4847 -4682 -4414 -3774 -2364 -1170 82 437 1027 1025 942 1059 1157 1035 999 950 1020 954 867 1128 1316 1008 1190 1553 1462 1429 1369 1667 943 759 493 412 0 -2379 -2866 -3252 -3670 -3868 -4023 -3385 -3744 -4405 -4472 -2832 -2293 -4046 -4349 -3979 -3768 -3457 -3857 -3149 -1534 -843 -1554 -2515 -3543 -3846 -3839
-3815 -3356 -2837 -2924 -3133 -3518 -3784 -4049 -4278 -4226 -4210 -4715 -4936 -5163 -5000 -5363 -5552 -5617 -5588 -5458 -5422 -5366 -5200 -4976 -4777 -4448 -4008 -2572 -1577 -148 923 1417 1214 1173 1186 1252 1133 1046 1037 1123 1140 1355 1203 1223 1107 1216 1253 1271 1279 1412 828 936 860 633 424 228 -566 -2363 -2865 -3365 -3611 -3792 -3805 -3842 -4083 -3605 -2476 -3372 -4453 -4604 -4231 -3973 -3476 -4050 -3651 -2625 -240 -32 -989 -3408 -3793 -3709
-3631 -3242 -3110 -3266 -3612 -3723 -4021 -4396 -4457 -4492 -4458 -4707 -5151 -5273 -5007 -4868 -5543 -5529 -5499 -5478 -5441 -5340 -5267 -5028 -4772 -4375 -3919 -3276 -1996 -490 1254 1563 1475 1189 1265 1323 1188 1100 1163 1283 1344 1409 1352 1211 1148 1158 1269 1367 1103 1202 722 721 596 425 309 363 0 -1930 -2836 -2168 -3321 -3473 -3684 -3366 -3412 -2425 -3497 -4338 -4583 -4689 -4587 -4065 -4289 -4227 -4035 -3388 -1548 -120 -1724 -3508 -3757 -3438
-3113 -2928 -3011 -3463 -3570 -3681 -4096 -4340 -4369 -3937 -3934 -4591 -5100 -5458 -5525 -5704 -5500 -5401 -5421 -5442 -5439 -5412 -5287 -5015 -4695 -4240 -3778 -3170 -1827 92 1389 1670 1694 1352 1348 1255 1182 1122 1187 1334 1237 1273 1335 1282 1209 1181 1284 987 1178 1160 611 980 643 465 432 341 0 -2293 0 -2445 -2497 -2696 -2849 -2359 -500 0 -3298 -4260 -4617 -4616 -4624 -4328 -4340 -4260 -4141 -3812 -2248 -1671 -3408 -3821 -3659 -3207
-3383 -2978 -3177 -3410 -3616 -3772 -3597 -3951 -3979 -3668 -3928 -4498 -4837 -5420 -5354 -5488 -5528 -5385 -5401 -5420 -5422 -5416 -5263 -4946 -4640 -4246 -3749 -3265 -968 832 1490 1654 1612 1398 1442 1271 1211 1112 1081 1122 1139 1218 1224 1164 1242 1345 1274 946 1095 1081 628 971 727 626 533 367 0 -2385 -3234 -3501 -3509 -3153 -3327 -2148 196 386 -2271 -4009 -4545 -4448 -4591 -4227 -4282 -4030 -4044 -3871 -1521 -2190 -3614 -3817 -3578 -3247
-3479 -3153 -3074 -3344 -3409 -3617 -3547 -3788 -4169 -4248 -4373 -4601 -4978 -5196 -5249 -5365 -5282 -5372 -5405 -5432 -5425 -5414 -5246 -4925 -4631 -4219 -3532 -2835 4 1220 1417 1459 1512 1455 1371 1209 1137 1068 1039 1079 1115 1122 1149 1131 1088 933 994 1028 847 1175 948 741 661 571 485 346 0 -2396 -3102 -3457 -3611 -3294 -2465 -557 993 734 -1481 -3893 -4468 -4631 -4570 -4259 -4313 -4144 -4105 -3831 -253 -1786 -3724 -3725 -3476 -3175
-3353 -2951 -2895 -3052 -3553 -3883 -3883 -4077 -4152 -3986 -4000 -4717 -4921 -4960 -5069 -5280 -5458 -5399 -5402 -5435 -5427 -5399 -5311 -5016 -4652 -4212 -3457 -1752 353 1228 1280 1241 1383 1312 1281 1218 1156 1083 1039 1070 1097 1097 1052 1091 1035 772 556 567 447 549 738 864 791 679 436 204 0 -2430 -3015 -3122 -2089 -1607 0 100 691 513 -892 -3987 -4449 -4692 -4423 -4410 -4432 -4260 -3889 -2871 -515 -1795 -3541 -3829 -3379 -3281
-3488 -3342 -3211 -3416 -3560 -3650 -3778 -4082 -4210 -4299 -4132 -4734 -5078 -4978 -5127 -5152 -5455 -5494 -5420 -5420 -5420 -5391 -5311 -5051 -4734 -4198 -3365 -877 636 1156 1162 1146 1175 1080 1145 1175 1082 1036 1037 1042 1081 1070 1178 932 662 996 903 793 540 310 214 384 372 220 124 0 -1510 -2332 -2537 -1073 20 177 115 491 1031 328 -1438 -4271 -4558 -4708 -4636 -4431 -4474 -4227 -3172 -429 -994 -3020 -3450 -3790 -3660 -3246
-3388 -3054 -2883 -2944 -3389 -3560 -3778 -4075 -4166 -4288 -4679 -4979 -5069 -5149 -5014 -5183 -5498 -5347 -5390 -5400 -5403 -5372 -5266 -4986 -4750 -4312 -3386 -525 1073 1163 1120 1098 1116 1043 1059 1143 1099 1040 1001 991 982 1031 1026 720 800 1010 1330 1221 987 585 210 160 76 0 -610 -1677 -2270 -2369 -1986 -348 184 483 579 918 849 0 -3103 -4568 -4728 -4848 -4695 -4552 -4409 -4187 -3064 -963 -3077 -3381 -3406 -3569 -3498 -3325
