models/Code Examples/GIS/data/world-elevation.asc
ncols 360
nrows 180
xllcorner -180
yllcorner -90
cellsize 1
NODATA_value -9999
[rows 0 to 35 of 180, columns 82 to 163 of 360]
-3452 -3450 -3438 -3419 -3402 -3378 -3357 -3347 -3338 -3323 -3311 -3307 -3309 -3305 -3308 -3317 -3330 -3341 -3350 -3357 -3368 -3382 -3396 -3411 -3425 -3437 -3446 -3455 -3467 -3484 -3495 -3509 -3526 -3544 -3566 -3590 -3608 -3624 -3642 -3665 -3692 -3717 -3746 -3777 -3806 -3836 -3862 -3888 -3914 -3937 -3962 -3989 -4015 -4039 -4059 -4077 -4097 -4116 -4132 -4146 -4158 -4169 -4179 -4188 -4197 -4205 -4210 -4215 -4220 -4224 -4228 -4231 -4233 -4235 -4237 -4238 -4240 -4241 -4242 -4244 -4245 -4247
-2462 -2411 -2332 -2258 -2197 -2162 -2143 -2114 -2083 -2085 -2065 -2034 -2016 -2004 -2003 -1998 -1997 -1986 -1971 -1961 -1954 -1941 -1914 -1893 -1862 -1832 -1817 -1802 -1775 -1751 -1742 -1731 -1721 -1720 -1726 -1735 -1762 -1817 -1888 -1971 -2064 -2167 -2271 -2389 -2508 -2638 -2751 -2855 -2956 -3070 -3169 -3237 -3290 -3336 -3375 -3412 -3446 -3474 -3505 -3544 -3586 -3631 -3674 -3716 -3756 -3791 -3816 -3841 -3864 -3882 -3898 -3913 -3928 -3940 -3951 -3971 -3993 -4019 -4045 -4071 -4090 -4100
-2487 -2336 -2201 -2099 -1986 -1888 -1794 -1701 -1676 -1624 -1567 -1543 -1510 -1539 -1614 -1646 -1705 -1790 -1881 -2036 -2224 -2351 -2431 -2449 -2399 -2324 -2238 -2140 -2041 -1945 -1857 -1772 -1698 -1640 -1567 -1491 -1422 -1376 -1361 -1366 -1397 -1446 -1506 -1590 -1690 -1804 -1922 -2043 -2173 -2308 -2437 -2549 -2643 -2722 -2792 -2854 -2908 -2963 -3024 -3090 -3157 -3220 -3273 -3311 -3342 -3392 -3452 -3522 -3591 -3644 -3693 -3732 -3766 -3794 -3822 -3862 -3918 -3975 -4035 -4081 -4088 -4088
-2083 -2086 -2094 -2152 -2247 -2350 -2395 -2389 -2375 -2364 -2361 -2385 -2413 -2441 -2456 -2460 -2471 -2467 -2466 -2463 -2458 -2455 -2453 -2450 -2433 -2392 -2339 -2283 -2238 -2179 -2119 -2045 -1938 -1819 -1687 -1549 -1421 -1297 -1178 -1088 -1004 -931 -851 -833 -981 -1254 -1510 -1677 -1812 -1957 -2105 -2218 -2326 -2436 -2573 -2711 -2809 -2897 -2981 -3057 -3127 -3195 -3283 -3377 -3455 -3513 -3571 -3624 -3662 -3697 -3762 -3840 -3922 -3970 -4000 -4008 -4016 -4030 -4050 -4072 -4086 -4102
-1565 -1622 -1689 -1780 -1846 -1881 -1886 -1873 -1873 -1938 -2030 -2082 -2087 -2082 -2069 -2054 -2066 -2059 -2050 -2039 -1984 -1893 -1799 -1721 -1650 -1559 -1432 -1317 -1203 -1062 -1007 -1019 -1000 -960 -936 -919 -869 -761 -661 -649 -655 -718 -871 -1051 -1343 -1735 -2064 -2261 -2375 -2468 -2617 -2762 -2870 -2962 -2973 -2951 -2945 -2925 -2897 -2883 -2865 -2829 -2797 -2791 -2790 -2797 -2821 -2842 -2843 -2801 -2740 -2710 -2693 -2665 -2614 -2561 -2508 -2440 -2361 -2318 -2294 -2344
-1517 -1528 -1541 -1569 -1601 -1626 -1639 -1628 -1630 -1695 -1785 -1843 -1826 -1789 -1886 -1939 -1787 -1616 -1561 -1553 -1534 -1513 -1464 -1409 -1351 -1298 -1218 -1140 -1074 -973 -957 -1013 -1061 -1077 -1057 -1023 -1056 -1093 -1054 -992 -953 -983 -1052 -1072 -1095 -1142 -1175 -1209 -1292 -1360 -1413 -1483 -1565 -1607 -1539 -1389 -1412 -1452 -1411 -1361 -1316 -1264 -1189 -1151 -1073 -963 -880 -866 -887 -984 -1126 -1106 -1054 -1010 -987 -1034 -1240 -1513 -1783 -2129 -2522 -2929
-1671 -1631 -1594 -1549 -1526 -1539 -1553 -1573 -1511 -1424 -1374 -1320 -1196 -1038 -917 -789 -709 -643 -661 -713 -755 -812 -658 -423 -314 -228 -185 -124 -150 -226 -224 -226 -252 -268 -282 -316 -340 -354 -352 -338 -320 -296 -312 -374 -399 -411 -397 -400 -406 -403 -398 -355 -305 -257 -98 -95 -216 -208 -184 -60 63 182 274 194 329 220 150 93 47 0 -89 -123 -176 -232 -314 -493 -928 -1450 -2166 -2478 -2618 -3218
-702 -732 -668 -605 -576 -564 -524 -497 -426 -334 -306 -206 7 90 -30 0 192 463 730 1016 1231 856 1122 1214 919 1223 1214 1143 899 651 744 798 633 485 277 106 -59 -202 -209 -196 -217 -214 -210 -212 -290 -301 -369 -157 -149 -82 30 154 217 376 618 615 520 530 698 899 858 714 613 564 643 527 500 494 475 410 308 292 234 121 86 13 -11 -59 -258 -267 -231 -422
-364 -322 -254 -153 -108 -47 -99 -30 153 424 510 542 614 973 1478 1574 1552 1418 1052 1258 1197 1347 1348 1213 1039 847 574 416 400 391 350 263 223 84 -147 -200 -142 447 527 548 633 670 690 568 460 668 584 455 663 766 720 631 563 658 959 1168 1512 1676 1647 1472 1291 1077 963 794 666 647 518 505 574 561 475 415 328 396 313 81 148 228 270 291 424 454
-235 -130 117 453 694 1193 875 447 169 80 139 52 221 324 214 423 627 708 719 918 1279 1420 1342 1374 1272 1077 731 642 505 125 -87 56 139 389 442 555 591 411 575 815 1049 1245 1342 1358 1425 1446 1465 1515 1552 1601 1628 1660 1672 1709 1765 1791 1939 2048 2030 1978 1939 1854 1771 1749 1750 1709 1544 1342 1147 951 731 595 469 445 539 732 621 557 570 350 208 92
-269 -164 49 247 634 783 983 887 934 542 413 147 75 173 513 512 445 784 1039 955 690 574 517 362 263 155 3 -165 -223 -225 -180 -98 -4 355 556 774 1019 1166 1317 1428 1502 1607 1688 1795 1890 1963 2023 2087 2169 2210 2272 2297 2327 2344 2341 2324 2293 2263 2175 2139 2111 1997 1992 1869 1853 1738 1642 1526 1284 1040 1015 878 813 673 464 324 311 254 152 82 -7 -79
0 0 -113 -270 -203 157 553 474 468 160 92 168 301 279 359 412 702 1435 1447 1103 879 660 167 -262 -387 -41 339 440 594 859 997 1114 1267 1389 1522 1636 1707 1756 1817 1920 2000 2068 2137 2200 2235 2273 2288 2353 2403 2434 2458 2472 2489 2491 2479 2463 2428 2371 2289 2283 2252 2243 2138 2091 1987 1893 1842 1668 1604 1516 1388 1332 1284 1210 906 498 111 1 -0 -10 -110 -197
-151 -54 58 57 -113 -314 -187 -33 -190 -174 42 220 166 297 340 352 509 836 662 120 -159 -302 -377 -468 -449 -137 -47 124 266 530 523 511 788 1167 1537 1700 1887 1953 1967 2061 2135 2166 2206 2268 2285 2311 2366 2440 2481 2498 2515 2526 2556 2574 2587 2573 2512 2488 2453 2387 2324 2285 2241 2143 2061 2020 1946 1840 1759 1695 1608 1494 1225 835 472 216 232 185 83 20 -119 -220
-149 -38 143 134 25 85 78 88 48 136 212 242 331 173 119 191 151 511 274 107 -81 -246 -384 -458 -455 -341 -430 -337 -19 306 456 522 619 657 699 692 874 1150 1330 1559 1742 1855 1942 2015 2102 2180 2249 2325 2423 2490 2525 2572 2632 2740 2780 2775 2731 2683 2653 2596 2552 2506 2474 2425 2393 2349 2352 2301 2235 2189 2144 2048 1630 1039 600 320 145 41 -80 -17 -207 -228
-56 -29 50 26 -155 -8 188 196 184 133 165 38 79 384 678 927 658 206 -213 -383 -403 -347 -400 -498 -561 -593 -619 -679 -668 -569 -436 -410 -355 -273 -297 -499 -704 -501 -248 162 755 1186 1443 1588 1744 1960 2105 2208 2304 2468 2551 2598 2672 2787 2809 2812 2838 2842 2840 2809 2777 2762 2701 2657 2617 2591 2539 2531 2460 2331 2265 2112 1901 1733 1466 829 569 325 0 -79 -126 -196
-173 -186 -100 -4 -60 -145 -57 24 48 -7 107 75 43 -33 -216 28 39 -223 -474 -684 -671 -720 -770 -865 -903 -955 -1081 -1347 -1633 -1807 -2026 -1973 -1423 -598 -401 -450 -609 -651 -499 -284 -138 351 1010 1341 1632 1942 2143 2244 2457 2548 2654 2739 2853 2922 2924 2926 2928 2923 2903 2926 2897 2865 2842 2827 2801 2726 2588 2520 2386 2138 1881 1660 1517 1416 1255 847 523 170 -69 -195 -213 -192
9 -213 11 255 265 233 152 -199 -331 0 168 134 -194 -140 52 181 -2 19 176 336 0 -603 -851 -865 -935 -997 -1215 -1505 -1881 -2073 -2227 -2249 -1890 -1128 -771 -541 -422 -386 -324 -342 -438 -44 346 974 1467 1832 2093 2286 2459 2553 2643 2739 2786 2841 2882 2944 2994 3034 3094 3102 3078 3037 2997 2944 2844 2819 2655 2388 1973 1498 1101 949 575 354 489 401 15 -121 -197 -248 -312 -550
61 -73 -68 222 -0 -58 -275 -293 48 252 236 0 -21 136 323 571 322 -20 89 84 465 417 0 -351 -543 -817 -1126 -1591 -1914 -2167 -2235 -2230 -2236 -2151 -2005 -1623 -1127 -677 -422 -272 -200 -163 68 500 1064 1494 1818 2060 2255 2420 2531 2663 2748 2811 2859 2934 3011 3081 3135 3178 3189 3132 3076 3041 2969 2807 2545 2319 1842 1550 1101 1017 876 359 256 96 -165 -239 -288 -350 -647 -1093
-42 -57 125 257 55 -142 -260 -151 82 125 161 131 40 124 244 322 300 248 205 297 580 664 524 254 48 146 -168 -656 -908 -1436 -1863 -2121 -2201 -2247 -2243 -2160 -1795 -1005 -459 -338 -260 -202 21 343 131 466 883 1462 1922 2164 2317 2442 2556 2677 2766 2844 2937 3021 2971 3059 3120 3170 3122 3069 2993 2876 2546 2096 1548 783 1025 1179 776 418 324 72 -233 -262 -398 -1143 -1582 -1607
-97 -10 191 316 286 45 -139 -145 -106 0 4 29 39 75 127 117 76 56 34 115 269 455 735 859 922 582 439 302 163 -38 -203 -673 -1422 -2028 -2132 -2015 -1550 -778 -497 -417 -381 -331 -253 -26 437 286 264 662 1429 1820 2055 2239 2386 2535 2635 2744 2827 2942 3002 3158 3168 3167 3138 3035 2929 2833 2505 1766 1229 734 768 529 259 -74 8 18 -188 -300 -529 -1419 -1591 -1270
21 -2 -6 18 57 64 20 -33 -42 -68 -131 -146 -0 174 152 42 -14 -25 -16 -20 -12 23 128 276 443 525 561 749 606 549 62 -85 -331 -1297 -1874 -1920 -1767 -1486 -1104 -458 -274 -192 -155 119 421 0 -193 250 1153 1614 1858 2055 2237 2410 2543 2656 2766 2870 2957 3077 3123 3099 2891 2544 2367 2504 2471 2207 2118 2032 1850 1531 893 477 42 -252 -495 -503 -769 -1321 -1294 -1034
30 11 -20 -22 66 161 223 61 153 88 -45 -65 173 302 312 84 -11 -46 -35 -18 -39 -1 0 7 19 128 355 101 309 291 51 -184 -310 -447 -1406 -1743 -1789 -1651 -943 -330 -295 -278 -272 -245 -239 0 8 393 1013 1591 1826 2024 2216 2391 2530 2696 2867 2949 3024 3046 3050 3020 2803 2187 1366 864 1090 765 947 647 351 99 -310 -795 -954 -1090 -1103 -1187 -1196 -1115 -1238 -1297
53 45 43 169 209 272 311 316 341 246 20 142 303 294 316 217 5 -86 -54 -34 -13 14 4 -12 -9 18 67 151 261 426 791 1135 981 324 -147 -452 -882 -1284 -1220 -790 -424 -199 -80 -39 145 365 234 235 898 1462 1783 2022 2213 2367 2522 2618 2615 2515 2507 2591 2590 2557 2302 1429 291 -129 -368 -284 -212 -247 -357 -439 -916 -1178 -791 -601 -556 -541 -584 -530 -843 -830
143 135 161 308 347 296 299 389 359 346 233 80 58 75 58 -13 -77 -103 -66 -50 -43 -40 -32 -10 28 61 69 54 81 87 79 397 842 714 835 370 -25 -478 -799 -747 -650 -410 -153 -131 82 663 646 668 900 1581 1968 2169 2415 2545 2526 2386 2141 1841 1789 1155 1083 1224 761 215 -205 -346 -438 -451 -279 -323 -431 -574 -532 -228 -101 2 -111 -185 -234 -191 -180 -50
178 176 169 233 264 296 273 287 174 134 106 -12 33 29 -50 -197 -234 -158 -79 -47 -8 9 -5 15 88 150 144 199 300 234 113 -272 -276 252 270 -50 -220 -376 -514 -507 -636 -680 -476 -129 -75 256 439 557 1325 1726 2028 2296 2542 2697 2404 1952 1362 801 277 -29 -65 -94 -211 -294 -413 -711 -733 -750 -804 -893 -590 -227 -129 -60 -20 167 145 226 444 648 494 534
133 114 84 95 123 128 133 141 177 122 -18 -21 56 235 231 65 -176 -258 -256 -141 84 82 0 0 57 173 208 226 253 422 598 463 58 -233 -214 -212 -273 -339 -426 -696 -814 -772 -893 -444 -193 -142 85 246 877 1627 2026 2320 2532 2655 2473 1833 803 -35 -324 -522 -504 -427 -650 -1344 -1704 -2162 -2394 -2324 -1863 -1291 -748 -326 -251 -208 -70 25 262 523 653 803 1124 1026
139 126 112 114 62 46 71 -3 -50 -82 -70 -12 32 17 -56 -65 -38 -81 -219 -154 -107 -217 -289 -284 -229 -98 129 347 400 220 220 461 448 -1 -192 -211 -305 -529 -817 -1120 -1519 -1427 -1385 -1201 -1186 -410 -5 618 1141 1834 2155 2449 2699 2529 2180 1314 437 -172 -641 -849 -1024 -1679 -2252 -2445 -2630 -2751 -2688 -2350 -2003 -1629 -1338 -906 -453 -261 -296 -219 -130 -102 70 0 -221 -374
168 141 102 90 54 9 -25 -82 -125 -126 -120 -124 -119 -96 -4 0 -165 -187 -175 -191 0 -36 -48 -13 -41 -231 -249 -116 -33 234 294 0 -79 -84 -196 -285 -516 -1027 -1388 -1895 -2340 -2439 -2485 -2376 -2361 -2388 -1073 -130 751 1433 1797 2237 2575 2570 1530 278 -257 -835 -1810 -2189 -2252 -2477 -2674 -2800 -2891 -2786 -2579 -2261 -1990 -1686 -1408 -1206 -853 -995 -1237 -1247 -1273 -1352 -1591 -1503 -1688 -1934
201 152 91 48 -15 -69 -110 -121 -150 -172 -190 -202 -196 -179 -179 -197 -180 -79 -78 -89 101 249 356 415 512 354 -27 -201 -291 -349 -321 -285 -227 -258 -524 -603 -558 -1183 -2129 -2507 -2665 -2744 -2787 -2859 -2959 -2986 -2882 -1485 -198 489 1164 1343 1210 1742 1107 149 -452 -1674 -2152 -2476 -2682 -2788 -2883 -2935 -2861 -2631 -2423 -2155 -1803 -1485 -1109 -1113 -1503 -1673 -1742 -1818 -1848 -2044 -2114 -2254 -2307 -2370
216 163 92 -9 -84 -97 -110 -134 -158 -185 -199 -198 -179 -177 -179 -172 -110 -111 -122 -70 39 131 201 273 321 335 309 212 -31 -185 -212 -321 -456 -238 -383 -416 -499 -1593 -2261 -2635 -2872 -3007 -3036 -3099 -3193 -3249 -3182 -3088 -2539 -1017 -349 -161 136 870 577 -202 -1410 -2276 -2599 -2867 -2954 -2983 -3000 -3002 -2824 -2482 -2245 -1781 -1400 -1194 -1463 -1763 -2057 -2074 -2075 -2289 -2488 -2519 -2481 -2572 -2601 -2469
260 180 89 -29 -68 -89 -108 -128 -154 -181 -209 -206 -129 -125 -170 -185 -142 -55 -79 -54 28 107 141 176 199 212 229 165 0 -113 -152 -192 43 417 -17 -144 -185 -723 -2050 -2661 -2921 -3069 -3213 -3296 -3366 -3426 -3429 -3399 -3313 -3195 -2905 -1906 -866 -680 -457 -1173 -2220 -2692 -2926 -3029 -3076 -3055 -2975 -2845 -2604 -2214 -1740 -1419 -1345 -1729 -2013 -2227 -2348 -2434 -2407 -2563 -2793 -2804 -2741 -2431 -1823 -1430
282 209 131 38 10 -48 -73 -102 -100 -121 -152 -145 -83 -112 -173 -178 -139 -91 -92 -28 62 145 183 208 224 227 240 193 131 42 -12 38 326 660 443 -73 -186 -220 -1458 -2463 -2910 -3137 -3238 -3367 -3431 -3493 -3556 -3523 -3473 -3417 -3128 -2789 -2456 -2063 -2227 -2614 -2992 -3124 -3122 -3077 -2976 -2926 -2820 -2693 -2158 -1655 -1512 -1704 -2055 -2206 -2233 -2432 -2584 -2713 -2812 -2921 -2950 -2711 -1922 -917 -889 -1158
276 238 196 138 58 0 -28 -31 -50 -62 -80 -91 -91 -125 -157 -147 -125 -96 -47 -25 -77 115 203 241 290 320 306 266 207 192 151 216 406 626 538 287 -72 -194 -553 -1943 -2580 -2879 -3112 -3303 -3426 -3501 -3579 -3610 -3575 -3473 -3270 -3102 -3034 -3208 -3316 -3255 -3244 -3211 -3146 -3066 -2924 -2771 -2537 -2188 -1702 -1716 -2125 -2340 -2391 -2500 -2564 -2735 -2761 -2858 -2985 -3052 -2570 -1880 -1094 -1030 -1181 -1186
253 210 179 139 82 71 103 95 58 13 -28 -46 -92 -119 -109 -93 -119 -82 -20 -9 -58 34 238 270 319 353 367 388 334 285 319 364 430 487 468 286 33 -160 -248 -599 -1593 -2508 -2910 -3178 -3360 -3472 -3576 -3658 -3734 -3661 -3547 -3465 -3363 -3372 -3366 -3315 -3341 -3162 -3032 -2955 -2693 -2443 -2110 -1725 -1867 -2209 -2468 -2719 -2759 -2813 -2784 -2861 -3015 -3076 -2846 -2245 -1839 -1469 -1296 -1341 -1084 -668
200 207 199 165 151 131 119 132 127 82 75 48 -8 -36 -32 -34 -75 -83 -67 -69 17 231 289 341 376 421 487 524 561 514 499 505 538 493 506 471 250 42 -159 -363 -310 -1243 -1857 -2317 -2813 -3181 -3320 -3509 -3703 -3670 -3494 -3264 -3338 -3314 -3323 -3383 -3383 -3180 -2981 -2974 -2748 -2390 -2077 -1911 -2237 -2460 -2654 -2803 -2947 -2907 -2922 -3195 -3293 -2777 -2381 -2094 -2054 -1834 -1504 -1337 -923 -770
217 225 217 208 208 208 201 173 145 138 113 109 97 110 54 5 -38 -63 -10 141 193 234 302 386 503 513 501 595 589 542 593 513 597 534 470 430 326 257 230 91 -35 -237 -268 -242 -635 -1941 -2831 -3301 -3605 -3767 -3590 -3426 -3452 -3554 -3439 -3377 -3457 -3304 -3011 -2998 -2804 -2416 -1911 -2041 -2491 -2691 -2848 -2975 -3099 -2983 -3139 -3402 -2915 -2999 -3180 -3359 -3156 -2494 -1401 -1480 -1718 -2318
