models/Code Examples/GIS/data/world-elevation.asc
ncols 360
nrows 180
xllcorner -180
yllcorner -90
cellsize 1
NODATA_value -9999
[rows 72 to 107 of 180, columns 246 to 327 of 360]
-3453 -3329 -3476 -3332 -2510 -501 -67 394 619 495 503 530 508 234 193 264 192 0 -2299 -2661 -2531 -2430 -2349 -2314 -2241 -2280 -2348 -1900 0 38 58 308 651 283 497 527 193 177 219 425 186 -62 -87 -116 -945 -1526 -1660 -2393 -3291 -3353 -3876 -3842 -3732 -3063 25 454 -1727 -4468 -3807 -3637 -4844 -5283 -5288 -5442 -5753 -5768 -5872 -5770 -5015 -4618 -5039 -4966 -4756 -4680 -4763 -4668 -3759 -3168 -3839 -2922 -3112 -5373
-3683 -3407 -3547 -3608 -3250 -1913 -237 210 565 513 461 404 431 179 96 0 -691 -2495 -2958 -2810 -2683 -2645 -2649 -2567 -2443 -2415 -2460 -1929 0 10 3 55 523 238 508 245 208 183 206 191 552 227 0 -389 -1303 -824 -872 -2309 -2122 -3492 -3700 -3942 -3704 -2318 570 671 -2277 -4246 -2845 -3549 -4644 -5156 -5392 -5307 -5477 -5618 -5859 -5669 -4665 -4776 -5004 -5024 -4631 -4800 -4814 -4623 -3729 -2945 -3754 -2618 -2996 -5380
-3827 -3833 -3785 -3673 -3114 -2206 -1211 -30 562 611 521 410 320 145 -211 -1541 -2466 -3083 -3021 -2920 -2818 -2794 -2796 -2712 -2630 -2593 -2617 -1356 -25 -17 -12 49 484 207 91 231 155 128 124 213 693 885 155 -273 -689 -1116 -1874 -2526 -1761 -4170 -3903 -3681 -3545 -2571 263 0 -3418 -3465 -3854 -4462 -5130 -5104 -5479 -5544 -5585 -5428 -5451 -5201 -4278 -5053 -5040 -4898 -4730 -4871 -4882 -4629 -3793 -3319 -3936 -2185 -4064 -5700
-3928 -3973 -3970 -3924 -3131 -2066 -1688 -214 311 619 637 487 330 116 -1202 -3104 -3216 -3232 -3121 -3030 -2966 -2940 -2908 -2853 -2801 -2790 -2436 -563 -156 -108 -96 -27 328 201 56 306 236 127 130 151 314 706 600 -190 -1112 -1924 -2663 -3410 -4194 -4086 -4074 -4157 -4031 -3121 0 128 -116 -260 -2920 -6018 -5247 -5295 -5595 -5625 -5751 -5599 -5453 -4950 -4084 -4966 -5029 -4954 -4708 -4696 -4869 -4688 -3498 -3561 -3400 -2023 -4898 -6353
-4044 -4083 -4109 -4104 -3153 -1757 -1257 -638 52 671 754 787 674 199 0 -3388 -3381 -3309 -3225 -3147 -3111 -3062 -3024 -2940 -2934 -3006 -1289 -996 -1284 -1376 -461 -61 234 173 0 86 88 25 73 74 119 260 427 0 -2467 -2702 -2769 -3962 -4133 -3980 -4199 -4037 -3527 -3790 -672 -71 -170 0 -1076 -5375 -5042 -5260 -5546 -5741 -5816 -5895 -5876 -5423 -4139 -4865 -5153 -4932 -4711 -4683 -4740 -4331 -3061 -3590 0 -3079 -7205 -5740
-4158 -4178 -4218 -4268 -3426 -1767 -1332 -1633 0 486 745 713 534 116 -1011 -3419 -3440 -3378 -3314 -3252 -3213 -3159 -3117 -3047 -3049 -3099 0 -1372 -1358 -2405 -1179 -79 77 300 -17 12 234 179 64 46 132 521 723 0 -2444 -2719 -4061 -4202 -4234 -4208 -3793 -3727 -2555 -1409 -577 -53 -639 -179 -304 -3172 -5755 -5462 -5564 -5691 -5837 -5912 -5929 -5691 -4157 -4742 -5072 -4769 -4726 -4147 -3902 -3151 -3267 -3497 -4812 -7247 -6319 -4523
-4256 -4292 -4321 -4346 -3810 -1881 -1538 -1911 -953 99 750 379 329 7 -1932 -3496 -3537 -3471 -3417 -3378 -3328 -3272 -3234 -3166 -3180 -2887 -445 -1341 -2277 -2745 -1195 -109 54 111 -42 -53 -14 284 74 9 67 447 411 0 -1962 -3310 -4209 -4222 -2784 -3212 -1134 -1327 -1614 -109 -61 -311 0 -68 0 -878 -6551 -5633 -5572 -5730 -5831 -5902 -5870 -5750 -4806 -4609 -4918 -4888 -4354 -4066 -3589 -5178 -6577 -6591 -6253 -5348 -5227 -5366
-4351 -4394 -4423 -4433 -3987 -2543 -1554 -1834 -2130 -563 324 469 149 5 -1005 -3558 -3622 -3543 -3500 -3492 -3455 -3423 -3366 -3280 -3318 -2701 -616 -2454 -3137 -2656 -908 -122 86 -4 -56 -67 -55 25 35 3 2 25 -31 -287 -1738 -3544 -3454 -3028 -1582 -1958 -1044 -1239 -546 -48 -498 -721 -337 40 -158 -144 -5980 -5868 -5611 -5772 -5860 -5901 -5881 -5668 -4350 -4954 -4872 -4771 -4572 -4249 -3782 -5202 -5192 -5105 -3768 -3766 -4851 -5002
-4402 -4408 -4499 -4545 -4264 -3290 -1979 -2137 -2476 -1264 145 338 30 -17 0 -3260 -3699 -3641 -3623 -3612 -3565 -3516 -3457 -3375 -3292 -2696 -900 -2394 -2530 -2428 -518 -149 141 24 -36 -71 -63 -35 -8 24 -8 -29 -68 -961 -2544 -2372 -1994 -2131 -2072 -1710 -1736 -1239 -297 -1501 -1570 -2898 -1390 0 -793 -299 -4127 -6353 -5674 -5824 -5971 -6054 -5903 -5253 -4030 -4181 -4405 -3757 -4354 -2806 -2274 -2517 -3556 -4681 -4124 -3541 -4075 -4045
-4510 -4563 -4587 -4592 -4151 -3667 -2268 -2177 -2652 -1486 0 131 -631 -708 86 -1540 -3791 -3760 -3738 -3710 -3667 -3618 -3571 -3396 -3265 -3382 -1372 -1224 -2347 -2138 -543 -235 115 219 -18 -63 -78 -41 -16 -12 -23 -44 -93 -852 -1220 -1546 -1680 -1669 -1567 -2026 -1643 -74 -1167 -2278 -3239 -4387 -2749 0 0 337 -1643 -6681 -5717 -5767 -5910 -5794 -5019 -4769 -3482 -3914 -3395 -2951 -3894 -3066 -3552 -3101 -2211 -3024 -3580 -2405 -2993 -2568
-4564 -4613 -4606 -4594 -4073 -3780 -1947 -2184 -2699 -2085 -1258 -303 -1834 -1197 393 0 -3488 -3880 -3818 -3792 -3774 -3724 -3699 -3425 -3028 -3567 -2787 -794 -2258 -1658 -870 -511 -61 117 4 -44 -62 -54 -40 -38 -37 -56 -115 -553 -1326 -1528 -1832 -1511 -1681 -2242 -577 -52 -921 -3360 -4189 -3639 0 -847 446 441 0 -6594 -5476 -5733 -5603 -4700 -4499 -4264 -3006 -4646 -3908 -4668 -3418 -2783 -2754 -3003 -3446 -2442 -2660 -2359 -2009 -2179
-4543 -4516 -4333 -4396 -3987 -3828 -1826 -1681 -2630 -2240 -2022 -2267 -2733 0 361 0 -3678 -3973 -3913 -3857 -3823 -3850 -3839 -3368 -2787 -3502 -3755 -1183 -2098 -1403 -1200 -675 -116 -21 166 123 -34 -59 -63 -51 -49 -64 -107 -585 -1383 -1664 -1510 -1920 -2270 -515 259 39 -348 -2804 -2556 -360 -2149 -3952 294 0 -2004 -6929 -5365 -5566 -5584 -5269 -4041 -3416 -4846 -4619 -4474 -4398 -4127 -3938 -3965 -3219 -2542 -3038 -3084 -3689 -3625 -3831
-4022 -4125 -4039 -4040 -3978 -3804 -2081 -1101 -2643 -2340 -2496 -2641 -3563 -3752 -2954 -3366 -4105 -4050 -4019 -3975 -3952 -3955 -3883 -3231 -3004 -3736 -3982 -1420 -1564 -191 -654 -299 -93 -68 219 598 184 -42 -71 -70 -68 -71 -90 -116 -380 -635 -502 -1820 -560 126 693 341 55 -373 -532 -2802 -4547 -4823 -4385 -1853 -2577 -6070 -5577 -5453 -5443 -5016 -3531 -4134 -4786 -4824 -4582 -4540 -4500 -4235 -3913 -3693 -2528 -3462 -3925 -3724 -4267 -4069
-3808 -3662 -3798 -3914 -3947 0 -2140 -898 -2608 -2460 -3113 -3023 -3693 -4258 -4285 -4245 -4186 -4136 -4093 -3974 -4070 -4044 -3998 -3636 -3031 -3624 -4274 -2107 -1918 -382 822 525 -42 -64 30 537 492 8 -67 -79 -87 -85 -74 -122 -112 -91 -78 -69 206 716 534 301 -117 -1498 -3691 -4755 -4887 -4935 -5006 -2116 -2135 -2574 -5664 -5186 -4443 -4411 -3413 -3557 -4900 -4855 -4643 -4646 -4426 -4255 -4036 -3113 -2725 -3519 -4043 -4229 -4363 -4199
-3122 -3338 -3800 -3757 -3959 -3993 -2212 -767 -2561 -2914 -3507 -3564 -3459 -4265 -4317 -4298 -4249 -4206 -4137 -4156 -4183 -4154 -4089 -3293 -2503 -3968 -4276 -3788 -1415 -881 -315 901 317 -15 -50 271 155 5 -58 -76 -72 -66 -67 -80 -71 -47 -29 209 533 902 349 18 -1429 -3752 -4564 -4940 -4999 -4912 -4665 -1921 -2103 -2364 -3544 -4454 -4460 -3850 -3925 -3850 -4792 -4704 -4644 -4629 -4429 -4340 -3995 -2811 -3114 -3945 -4384 -4427 -4445 -4344
-2751 -3225 -3814 -3908 -3979 -3913 -2858 -1156 -2288 -3155 -3849 -4084 -3650 -4237 -4383 -4394 -4349 -4323 -4291 -4264 -4193 -4257 -3968 -2823 -2557 -3967 -4251 -4456 -3681 -1874 -662 -120 952 355 -14 23 111 119 -43 -50 -61 -72 -52 -36 -46 42 293 396 829 833 492 88 -1750 -4401 -5008 -5190 -5195 -5095 -4039 -1771 -1853 -2482 -1588 -3851 -3871 -3534 -4005 -4027 -4032 -4240 -4266 -4490 -4393 -4278 -3856 -2863 -3148 -4230 -4454 -4548 -4500 -4476
-3041 -3286 -3800 -3935 -3896 -3953 -3259 -1755 -2336 -3342 -3948 -4419 -4442 -4409 -4423 -4439 -4418 -4410 -4409 -4393 -4377 -4347 -4014 -3022 -3167 -4272 -4320 -4327 -4461 -4616 -3146 -284 -8 446 24 14 -14 18 -22 -54 -59 -54 -38 112 136 232 376 529 899 787 590 288 0 -2983 -2541 -1802 -2912 -3402 0 -1414 -1915 0 -528 -3726 -3871 -3622 -3730 -4024 -4166 -4277 -4088 -4248 -4307 -4224 -3769 -2937 -3133 -3939 -4354 -4482 -4507 -4424
-3264 -3216 -3776 -3942 -3902 -4024 -3278 -1348 -2940 -4030 -4374 -4625 -4661 -4649 -4585 -4514 -4391 -4387 -4491 -4491 -4504 -4500 -4421 -3503 -4147 -4462 -4451 -4427 -4405 -4352 -4793 -1255 -193 444 332 62 0 0 -13 -39 -53 -43 -32 134 180 167 296 626 667 529 231 27 -865 -1793 3 0 0 0 -994 -2217 -2301 -357 0 -871 -1592 -2621 -3897 -3987 -4029 -4610 -4297 -4187 -3941 -3490 -3286 -3101 -3006 -3419 -3698 -3834 -4252 -4470
-3258 -2980 -3428 -3685 -3871 -3970 -3403 -1986 -3474 -4394 -4558 -4660 -4686 -4660 -4606 -4623 -4534 -4550 -4509 -4573 -4580 -4571 -4368 -3124 -3846 -4554 -4556 -4543 -4532 -4489 -4583 -3652 -396 -459 487 123 51 0 -10 -33 -45 -47 -32 1 118 211 491 402 238 106 66 0 -2222 -995 -1104 -1196 -867 -2234 -3195 -2321 -2623 -297 -872 -952 -83 -1062 0 -1651 -1831 -1837 -3649 -4155 -4065 -3442 -3158 -3257 -3407 -3568 -3766 -3289 -3329 -3718
-3564 -2980 -3112 -3805 -4017 -3982 -3512 -2514 -3975 -4663 -4684 -4672 -4656 -4629 -4600 -4679 -4684 -4668 -4615 -4656 -4621 -4593 -4217 -3126 -4304 -4582 -4598 -4597 -4580 -4410 -4214 -5139 -1679 -990 -34 514 81 26 0 -7 -19 -35 -31 -11 93 221 84 44 41 191 43 -541 -2231 189 669 497 -196 -348 -1197 -1702 -2381 -1034 -770 -516 -116 10 278 854 -564 -612 -289 -547 -1431 -3101 -3325 -3438 -3266 -2404 -1055 -1644 -1542 -1742
-3702 -3074 -3398 -3786 -4100 -4195 -3815 -2867 -4237 -4740 -4859 -4829 -4803 -4774 -4730 -4804 -4287 -4466 -4714 -4721 -4655 -4510 -4340 -3511 -4140 -4572 -4639 -4649 -4508 -4473 -4669 -4749 -4631 -1735 -850 551 213 34 0 0 1 -19 -29 -30 10 36 28 20 18 175 0 -258 -1469 1126 631 308 -1717 -2666 -4015 -3842 -2881 -3075 -2014 -883 -592 -232 70 84 0 -1163 97 221 218 0 0 -2330 -3002 -2118 -1561 -1235 -422 -751
-3652 -3292 -3466 -3821 -3982 -4008 -3700 -3427 -4873 -4991 -5001 -4990 -4998 -4984 -4979 -5026 -4223 -4343 -4782 -4769 -4704 -4626 -4041 -3364 -4090 -4607 -4763 -4644 -4623 -4575 -4820 -4630 -4768 -4710 -1158 -360 479 158 24 1 -13 -20 -26 -38 -20 -9 -4 -6 52 101 0 -142 -1213 292 -302 713 -199 -3431 -4872 -4745 0 -1352 -655 0 0 -993 -671 113 298 517 1626 1481 1256 491 395 193 0 0 -1115 -2145 -1950 -1333
-3808 -3440 -3067 -3516 -3909 -3737 -2037 -2872 -4904 -5005 -5005 -4997 -4996 -4959 -4963 -4985 -4129 -4657 -4925 -4901 -4936 -4998 -4288 -3729 -4651 -4749 -4954 -4629 -4818 -4822 -4964 -4521 -4676 -4981 -4239 -1005 -528 514 192 15 -57 -92 -91 -64 -44 -48 -43 -40 -11 -10 -33 -804 -1625 0 -623 -555 43 -3109 -4882 -4312 -3597 -3480 -3358 -3234 -4122 -2119 -1165 -1482 -1108 253 399 871 1124 1291 1130 852 489 234 86 0 -1659 -1630
-3813 -3440 -3212 -3501 -3776 -2165 -1044 -3455 -4963 -5023 -5013 -5031 -5048 -5027 -5027 -5017 -4857 -5010 -5011 -5013 -5021 -5020 -4528 -3588 -4713 -4991 -4904 -4946 -5028 -4833 -4971 -4870 -5123 -5104 -5495 -3327 -1134 -1571 71 15 -66 -132 -142 -91 -48 -54 -48 -53 -31 -38 -71 -312 -509 3 -722 -1690 -533 -1450 -2283 -3529 -3661 -2872 -4251 -4595 -4558 -5405 -395 -2227 -565 -43 -53 -32 0 9 346 1161 1985 2218 1510 557 -571 -915
-3836 -3351 -3257 -3681 -3411 -788 -786 -3907 -5024 -5022 -5024 -5045 -5080 -5023 -5017 -5026 -5039 -5031 -5022 -5026 -5027 -5084 -4215 -3241 -4431 -5028 -4961 -4994 -5076 -5011 -4976 -5064 -5175 -4934 -5094 -5598 -3296 -1801 -1390 -202 320 286 39 -38 0 -9 -39 -38 -46 -39 -258 -380 -231 -910 -1435 -2007 -1931 -3040 -3052 -3467 -4281 -4585 -4496 -3227 -5044 -3453 -1089 -1299 0 -34 -45 -41 0 0 0 22 578 1183 1285 1728 844 40
-3682 -3248 -3091 -3852 -2788 -1036 -2004 -4348 -4998 -5023 -5037 -5036 -5038 -5041 -5046 -5009 -5000 -5002 -4834 -4910 -5027 -5157 -4434 -3938 -5177 -4965 -4992 -5035 -5026 -5011 -4976 -5046 -5077 -5116 -5413 -5443 -5635 -4598 -3397 -2089 -1204 75 187 305 294 180 289 116 -92 -693 -769 -650 -1440 -3508 -3218 -2439 -2466 -3346 -3798 -3673 -2793 -3146 -3048 -3139 -1915 -458 -720 -72 -37 -60 -48 -28 0 0 0 5 60 31 40 537 1356 -692
-3724 -3300 -3563 -3786 -2188 -2025 -3112 -4672 -5007 -5018 -5036 -5041 -5019 -5045 -5052 -4972 -4998 -5003 -4582 -5071 -5156 -5000 -3945 -4298 -5199 -4902 -5085 -5089 -4975 -5087 -5009 -4983 -5111 -5357 -5094 -5442 -5411 -5650 -5997 -4658 -2820 -2706 -2470 -1797 -793 -429 -383 0 0 -283 0 0 0 -877 0 -1317 -1185 -1546 -1604 0 0 -1291 -1680 -1246 -809 -825 -339 -167 -132 -75 -52 -32 -20 -18 0 20 9 0 -50 -264 468 1136
-3441 -3505 -3683 -3685 -2503 -2674 -3651 -4759 -5027 -5025 -5022 -5016 -5018 -5045 -5059 -4823 -4942 -4907 -4714 -5163 -5006 -4907 -3980 -4570 -5276 -4991 -5230 -5144 -5415 -4829 -5040 -5138 -5232 -5422 -5309 -5501 -5476 -5513 -5223 -5456 -5770 -4542 -3097 -2424 -2336 -2841 -2787 -2751 -3606 -3263 -2985 -2625 -1858 0 -1477 -2378 -3216 -2622 0 -915 -1578 -1579 -967 -675 -426 -198 -168 -137 -103 -90 -64 -51 -50 -48 -35 -6 -0 -8 -158 -1409 -1366 286
-3210 -3447 -3738 -3756 -3354 -2960 -4127 -4959 -5205 -5014 -5042 -5086 -5091 -5095 -5046 -5038 -5014 -4994 -4745 -4960 -5000 -5031 -3978 -4635 -5276 -5189 -5134 -5408 -5234 -5036 -5100 -5176 -5202 -4522 -4898 -5279 -5085 -5430 -4526 -4062 -5725 -6063 -5864 -5351 -5417 -4912 -4049 -3240 -3235 -3683 -3819 -3934 -3583 -2515 -1690 -1044 -1513 -989 -1434 -1274 -463 -85 -46 -73 -90 -78 -68 -75 -75 -63 -47 -50 -50 -50 -43 -16 -6 -32 -768 -1227 -1859 -1991
-3404 -3466 -3566 -3816 -3172 -3606 -4595 -4971 -5011 -5044 -5231 -5177 -5103 -5082 -5026 -5003 -5009 -4671 -5014 -5244 -5081 -4921 -2818 -4495 -5070 -4868 -5582 -5382 -5190 -5094 -4339 -4723 -4874 -4448 -4765 -4775 -4836 -4673 -3967 -4786 -5395 -4977 -5088 -4650 -4606 -4180 -4044 -4717 -4767 -5689 -5628 -5746 -5404 -4784 -3068 -2454 -1513 -811 -377 -166 -87 -91 -68 -50 0 -12 0 -16 -30 -26 -18 -48 -57 -60 -55 -25 26 -12 -1517 -1780 -2188 -2779
-2916 -3390 -3745 -3793 -3649 -4203 -4815 -4990 -4993 -5084 -5175 -5120 -5086 -5007 -4962 -4987 -4817 -4353 -5016 -5090 -4800 -4893 -2838 -4814 -5013 -5319 -5673 -5501 -5048 -4026 -4176 -4687 -5014 -5427 -5333 -4210 -4454 -4924 -5293 -5215 -5001 -4615 -4444 -4220 -3978 -3859 -4189 -4912 -4895 -5161 -5421 -5524 -5375 -4446 -2858 -2666 -1174 -250 -109 -61 -60 -91 -90 -49 -3 3 20 108 22 20 2 -49 -61 -70 -59 -19 53 -81 -2781 -3009 -3367 -3924
-3254 -3394 -3658 -3935 -3954 -4522 -5013 -5141 -5111 -5070 -5262 -5120 -5057 -4917 -4874 -5003 -4680 -4255 -4917 -4769 -4189 -4064 -2519 -4997 -4921 -5390 -5331 -5483 -5682 -4376 -3820 -4858 -5258 -5619 -5856 -4711 -4824 -4797 -5664 -4895 -5221 -4913 -3872 -4392 -5395 -5280 -4986 -5231 -5499 -5538 -5567 -5581 -5538 -3931 -2375 -1880 -522 -258 -111 -62 -36 -53 -59 -26 37 71 169 214 85 36 -5 -51 -63 -70 -54 0 90 0 -2028 -2864 -2435 -3140
-2719 -3111 -3356 -3794 -4115 -4663 -4975 -5062 -5113 -5067 -5111 -5202 -5005 -4975 -5001 -5008 -4697 -4701 -4593 -3822 -2418 -2811 -2721 -5153 -4855 -5429 -5446 -5486 -5561 -5070 -4813 -4543 -5447 -5387 -5865 -5322 -5139 -5310 -5999 -5888 -5202 -5585 -4518 -4685 -5660 -5416 -4424 -4085 -5196 -5601 -5612 -5579 -5426 -3355 -2060 -1012 -211 -114 -66 36 119 94 -21 21 144 115 203 137 64 9 -2 -40 -61 -60 -52 0 117 62 0 -1195 -1999 -1561
-3050 -2991 -3455 -3742 -4134 -4535 -4893 -4961 -5024 -4946 -5037 -5005 -4999 -4999 -5000 -4993 -5076 -5016 -4923 -4510 -3437 -2641 -2943 -5196 -4860 -5365 -5216 -5521 -5374 -5178 -5209 -5135 -5507 -5423 -5889 -5732 -5600 -5958 -5969 -5892 -5942 -5759 -5567 -5376 -5543 -5218 -4314 -4860 -5284 -5597 -5573 -5554 -5039 -2398 -1016 -175 -67 -52 13 267 346 178 39 56 120 177 177 141 93 28 0 -23 -49 -45 -52 0 70 130 143 -276 -1849 -1286
-3150 -3195 -3453 -3989 -4409 -4667 -4477 -5003 -4627 -4831 -4961 -4735 -4835 -4984 -5063 -5216 -5420 -5318 -5162 -5028 -4846 -3178 -2659 -5134 -5075 -5111 -5054 -5438 -5010 -5254 -5377 -5313 -5598 -5527 -5867 -6009 -6004 -5982 -5912 -5944 -5914 -5653 -5507 -5454 -5534 -5102 -3771 -2882 -3861 -4496 -4549 -5034 -2863 -1073 -357 -55 -26 0 112 428 432 349 147 160 169 180 245 234 223 124 61 27 -9 -9 -36 8 70 164 361 59 -1238 -1259
-3053 -2991 -3341 -3965 -4313 -4669 -4491 -4803 -4650 -4759 -4640 -4651 -4775 -4996 -5076 -5142 -5097 -5341 -5206 -4775 -4487 -3030 -2813 -5080 -5175 -5303 -5484 -5150 -4961 -5443 -5623 -5454 -5771 -5555 -5884 -6001 -5964 -5858 -5742 -5734 -5759 -5567 -5580 -5584 -5402 -5096 -4218 -2121 -2330 -2648 -2307 -2442 -956 -271 -177 -62 65 26 102 264 387 429 248 350 260 211 235 225 246 234 245 175 39 0 0 39 114 237 471 383 -221 -1201
