models/Code Examples/GIS/data/world-elevation.asc
ncols 360
nrows 180
xllcorner -180
yllcorner -90
cellsize 1
NODATA_value -9999
[rows 108 to 143 of 180, columns 246 to 327 of 360]
-2913 -3078 -3473 -3764 -3961 -4234 -4301 -4529 -4557 -4612 -4753 -4800 -5189 -4994 -5068 -5016 -5273 -5320 -5000 -4764 -4595 -2856 -3233 -4931 -5073 -5459 -5253 -4937 -5310 -5547 -5579 -5507 -5867 -5837 -5788 -6006 -5914 -5750 -5622 -5616 -5629 -5600 -5536 -5252 -4661 -4623 -3279 -1645 -1668 -1505 -1017 -633 -212 -133 -86 -26 111 112 99 140 273 387 367 405 316 236 233 248 217 219 263 243 101 40 32 55 192 402 590 372 -6 -288
-2679 -3038 -3133 -3312 -3639 -4112 -4381 -4566 -4561 -4607 -4755 -4703 -5231 -4968 -4987 -4951 -5206 -5027 -4966 -4702 -4258 -2218 -3331 -4867 -5075 -5242 -5064 -5057 -5276 -5351 -5503 -5654 -5917 -5989 -6001 -5999 -5999 -5733 -5530 -5591 -5593 -5550 -5234 -4599 -3727 -2719 -1677 -1167 -1377 -722 -146 -91 -57 -47 -25 40 124 165 188 208 303 341 386 422 336 283 271 300 275 227 239 257 234 159 78 95 234 614 615 399 130 0
-2908 -2826 -2624 -2970 -3397 -3956 -4453 -4636 -4483 -4504 -4611 -4531 -4910 -4915 -5245 -4986 -4979 -4848 -4744 -4425 -3976 -2543 -3634 -4879 -4619 -4767 -5077 -5088 -5169 -5264 -5367 -5697 -5992 -6004 -6022 -5846 -5865 -5410 -5199 -5310 -5407 -5240 -5050 -4869 -4304 -1963 -1144 -1146 -830 -49 -19 -12 28 64 148 189 190 254 284 269 306 336 397 378 378 376 354 339 383 292 263 215 280 310 146 117 190 363 593 378 239 155
-3230 -3074 -2856 -2926 -3363 -3703 -4260 -4518 -4348 -4451 -4567 -4433 -4663 -4992 -5375 -5026 -4927 -4811 -4699 -4490 -3950 -2718 -3755 -4879 -4654 -4829 -5004 -4989 -5156 -5075 -5219 -5684 -5938 -6016 -6030 -5799 -5490 -4228 -3379 -4696 -5005 -4628 -4458 -4976 -5009 -4585 -2771 -1199 -168 19 202 234 224 269 288 281 281 287 308 328 375 386 365 406 448 494 502 466 439 358 275 217 221 344 273 197 194 269 325 330 225 273
-3633 -3246 -3040 -2941 -3489 -3996 -3992 -4265 -4148 -4495 -4298 -4440 -4505 -4902 -4965 -4673 -4781 -4736 -4505 -4544 -4121 -2961 -3812 -4980 -4783 -4804 -4996 -5170 -5297 -4999 -5290 -5653 -5766 -5827 -5716 -5338 -5254 -4526 -2893 -4301 -5109 -3373 -3878 -4609 -4990 -5029 -3121 -712 25 113 390 594 568 442 437 402 302 300 334 361 390 409 372 427 565 608 625 580 519 409 278 210 176 216 215 194 197 246 236 302 263 286
-3902 -3665 -3233 -2926 -3397 -3630 -3910 -4053 -4147 -4182 -4295 -4486 -4408 -4353 -4430 -4576 -4581 -4517 -4528 -4630 -4028 -3042 -3966 -5002 -4805 -4716 -4983 -5327 -5277 -5193 -5476 -5586 -5710 -5685 -5588 -4879 -5207 -5122 -4787 -5346 -5354 -3838 -2864 -3797 -4864 -3536 -1028 -116 111 257 303 390 613 575 527 462 363 370 388 386 381 431 441 498 590 663 654 673 578 368 235 174 134 129 140 142 220 208 227 324 361 282
-3969 -3735 -3512 -3101 -3146 -3407 -3606 -3684 -3919 -3983 -3977 -4138 -4201 -4370 -4437 -4400 -4366 -4445 -4593 -4587 -4068 -2454 -3597 -4845 -4874 -4717 -5002 -5329 -5309 -5333 -5435 -5547 -5592 -5622 -5077 -4499 -4997 -5405 -5322 -5013 -5060 -3709 -2803 -3753 -3420 -1451 -335 0 144 258 382 466 514 602 576 514 446 426 421 426 433 457 498 497 541 600 558 475 345 230 162 105 74 92 100 160 188 195 250 336 463 402
-4242 -3937 -3511 -3185 -3017 -3352 -3424 -3636 -3822 -3951 -4039 -4044 -4309 -4347 -4029 -4187 -4372 -4448 -4449 -4516 -3948 -1877 -3360 -4820 -4684 -4740 -4846 -4988 -5144 -5212 -5323 -5444 -5441 -4636 -3117 -4428 -5038 -5168 -4990 -5052 -4982 -5427 -4346 -3899 -3236 -1244 -202 -4 93 236 369 442 520 574 580 537 472 457 452 434 477 520 618 670 585 524 489 400 270 151 111 58 52 66 76 133 133 203 299 361 446 566
-3694 -3612 -3554 -3388 -3331 -3007 -3043 -3190 -3526 -3738 -3972 -4229 -4277 -4092 -4076 -4184 -4299 -4370 -4495 -4504 -3650 -2059 -3731 -4524 -4662 -4800 -4555 -4759 -4823 -4886 -4945 -4975 -4719 -3644 -4154 -4592 -4974 -4987 -4921 -4896 -5182 -5306 -5529 -5150 -4030 -1872 -379 -22 122 275 355 449 505 575 544 508 464 461 436 456 467 457 524 638 622 622 547 376 236 104 35 14 24 39 92 105 151 192 253 298 366 429
-3684 -3683 -3875 -3744 -3502 -3392 -3370 -3152 -3181 -3671 -3810 -4216 -4285 -4127 -4057 -4100 -4092 -4323 -4499 -4379 -3735 -2396 -4383 -4504 -4519 -4747 -4348 -4566 -4577 -4473 -4524 -4556 -4139 -4089 -4560 -4625 -4718 -4767 -4634 -4904 -5278 -5367 -5403 -5659 -5350 -3620 -965 -79 182 275 372 446 486 519 496 514 507 457 430 414 448 410 412 466 466 456 405 318 210 114 30 5 28 32 59 88 130 170 197 226 244 262
-4147 -4222 -4018 -3936 -3913 -3816 -3701 -3248 -3332 -3444 -3675 -3865 -4007 -4015 -4035 -4095 -4181 -4312 -4327 -4273 -3842 -3481 -4004 -4129 -4262 -4316 -4031 -3628 -3385 -3284 -3864 -4056 -2725 -3642 -4335 -4588 -4377 -4397 -4724 -4689 -4962 -5064 -5294 -5708 -5631 -5333 -2792 -468 117 282 349 395 460 448 434 451 477 436 376 336 365 348 335 362 344 320 285 229 178 106 19 -9 23 22 58 111 103 137 157 171 158 169
-4418 -4438 -4335 -4268 -4142 -4020 -3927 -3565 -3204 -3244 -3451 -3570 -3865 -4000 -4012 -4080 -4159 -4182 -4176 -4218 -3748 -2211 -2674 -3250 -3073 -3105 -3402 -2557 -2640 -2804 -3187 -3396 -2325 -3384 -4246 -4589 -4477 -4651 -4956 -4734 -5141 -5157 -5309 -5626 -5631 -5377 -4848 -2490 -159 247 309 337 428 423 414 385 412 415 321 218 216 232 228 223 215 219 201 176 163 143 51 23 61 36 69 155 90 136 122 130 125 138
-4570 -4434 -4480 -4361 -4263 -4104 -4007 -3790 -3681 -3102 -3119 -3307 -3540 -3784 -4005 -4037 -4025 -4132 -4031 -4117 -3436 -2287 -2024 -2145 -2397 -2628 -2159 -1883 -1868 -2189 -2865 -3055 -2479 -2734 -3746 -4237 -4451 -4658 -5129 -4578 -5073 -5156 -5234 -5376 -5408 -5257 -5114 -4525 -1425 195 303 351 407 422 434 372 358 311 216 205 211 199 175 151 123 134 173 160 147 150 105 77 319 108 52 113 139 121 99 122 137 132
-4691 -4517 -4440 -4424 -4397 -4244 -4047 -3889 -3540 -3411 -3069 -2980 -3333 -3583 -3889 -4021 -3928 -3899 -3978 -3963 -3261 -1686 -1945 -3335 -4095 -4413 -4227 -3642 -2418 -1683 -2014 -2330 -2129 -2286 -2868 -3052 -4443 -5167 -5367 -4756 -5092 -5075 -5114 -5223 -5256 -5192 -5105 -4821 -2788 0 252 293 360 396 422 331 307 225 165 147 137 128 102 60 30 26 79 116 140 138 117 67 325 80 89 199 155 86 126 210 219 176
-4650 -4472 -4507 -4546 -4451 -4182 -4272 -3948 -3704 -3314 -2873 -2702 -3206 -3552 -3664 -3773 -3649 -3469 -3164 -3486 -3059 -2144 -3077 -3738 -4041 -4264 -4421 -4401 -4381 -4167 -3458 -3204 -3412 -3117 -3250 -3149 -4554 -5235 -5416 -5166 -5046 -5172 -5105 -5042 -4667 -4858 -4668 -4128 -1727 -42 276 297 329 387 332 285 283 170 116 34 -22 -31 -52 -74 -79 -68 -55 -20 86 176 177 115 391 303 204 123 69 75 108 208 264 234
-4625 -4518 -4581 -4506 -4356 -4458 -4175 -4074 -3689 -3433 -3181 -2771 -3024 -3332 -3504 -3547 -3579 -3598 -3288 -3548 -3044 -2995 -3479 -3811 -4045 -4310 -4362 -4300 -4332 -4340 -4087 -4268 -4468 -4407 -4807 -4799 -4407 -5221 -5390 -5506 -5371 -5070 -5122 -4070 -2531 -3169 -3274 -2848 -578 77 266 308 311 285 189 147 153 85 -17 -119 -676 -793 -1198 -856 -706 -445 -147 -78 -17 89 179 31 382 153 72 50 63 76 89 133 208 237
-4547 -4598 -4505 -4250 -4207 -4262 -4149 -4155 -3790 -3654 -3377 -2874 -2759 -3126 -3485 -3238 -3570 -3628 -3637 -3616 -3234 -3630 -3988 -4048 -4121 -4200 -4238 -4247 -4375 -4482 -4475 -4455 -4414 -4459 -4566 -4535 -5170 -5105 -5435 -5517 -5456 -5371 -5124 -4472 -2535 -2463 -2727 -2807 -659 34 187 215 117 -315 -954 -1096 -862 -886 -2261 -3326 -4054 -4158 -4168 -3585 -2083 -1344 -883 -261 -70 21 -2 15 97 49 46 49 60 66 83 115 186 298
-4456 -4443 -4459 -4323 -4339 -4368 -4325 -4119 -3945 -3805 -3223 -3023 -2926 -3055 -2896 -3059 -3665 -3670 -3729 -3742 -3750 -3865 -3934 -3979 -3999 -3999 -4043 -4199 -4407 -4503 -4515 -4497 -4475 -4420 -4494 -4592 -4778 -5122 -5128 -5332 -5151 -5351 -5430 -5160 -4762 -4789 -4929 -5000 -3862 -2864 -2083 -1472 -2244 -3914 -4656 -4759 -4691 -4709 -4970 -5103 -5266 -5378 -5398 -5236 -4698 -3491 -2376 -1871 -1483 -412 -26 9 48 32 92 74 68 74 84 110 171 385
-4477 -4444 -4416 -4342 -4355 -4492 -4275 -4052 -4047 -3724 -3471 -3133 -2586 -2478 -2599 -3464 -3650 -3721 -3798 -3827 -3811 -3816 -3814 -3824 -3898 -4069 -3922 -4049 -4235 -4379 -4436 -4491 -4483 -4459 -4514 -4659 -4702 -4724 -4762 -4706 -5212 -5278 -5234 -5066 -5026 -5166 -5377 -5385 -5080 -5020 -4940 -4785 -4866 -5086 -5312 -5501 -5624 -5576 -5551 -5604 -5643 -5648 -5646 -5640 -5632 -5593 -5422 -5018 -4755 -3708 -1273 -207 -16 -20 75 134 131 150 129 167 308 640
-4520 -4436 -4375 -4309 -4318 -4390 -4174 -4091 -4051 -3709 -3366 -2534 -1777 -2234 -3414 -3577 -3628 -3615 -3656 -3688 -3717 -3798 -3738 -3742 -3878 -3985 -3854 -3912 -4042 -4115 -4178 -4322 -4364 -4390 -4530 -4667 -4677 -4703 -4810 -4913 -4880 -4951 -4762 -4779 -4850 -4961 -4998 -4829 -4954 -4981 -5024 -4972 -4952 -5012 -5260 -5554 -5785 -5782 -5742 -5673 -5669 -5662 -5652 -5654 -5653 -5644 -5634 -5629 -5609 -5481 -5317 -4251 -2009 -484 42 166 253 338 302 396 850 548
-4490 -4442 -4366 -4325 -4259 -4303 -4253 -4194 -3944 -3695 -3148 -1779 -1794 -2645 -3452 -3520 -3522 -3511 -3579 -3608 -3639 -3763 -3692 -3633 -3678 -3691 -3733 -3793 -3896 -3966 -4073 -4130 -4204 -4327 -4468 -4568 -4536 -4543 -4626 -4717 -4708 -4661 -4461 -4184 -4431 -4547 -4601 -4490 -4772 -4799 -4893 -5089 -5047 -5020 -5160 -5309 -5459 -5571 -5576 -5609 -5631 -5616 -5598 -5619 -5642 -5650 -5643 -5638 -5630 -5602 -5600 -5539 -4725 -3358 -1532 -359 28 113 0 56 110 -22
-4483 -4444 -4326 -4303 -4249 -4175 -4120 -4070 -3966 -3643 -3259 -2186 -2361 -3125 -3291 -3372 -3388 -3483 -3455 -3469 -3611 -3642 -3439 -3475 -3465 -3426 -3539 -3612 -3694 -3784 -3920 -4050 -4168 -4261 -4342 -4394 -4430 -4503 -4497 -4545 -4582 -4497 -4500 -4543 -4575 -4559 -4562 -4607 -4717 -4769 -4844 -4934 -5010 -5062 -5032 -5100 -5265 -5421 -5420 -5453 -5456 -5424 -5535 -5602 -5632 -5629 -5632 -5587 -5627 -5621 -5551 -5520 -5442 -5049 -4262 -3169 -1394 -42 -46 -67 -45 -37
-4557 -4445 -4301 -4255 -4218 -4141 -4067 -4004 -3900 -3552 -3046 -2621 -2534 -2949 -3087 -3062 -3144 -3215 -3172 -3294 -3255 -3036 -3096 -3120 -3145 -3220 -3315 -3399 -3512 -3618 -3748 -3892 -4058 -4089 -4041 -4152 -4231 -4280 -4362 -4237 -4311 -4476 -4492 -4530 -4516 -4334 -4458 -4524 -4573 -4574 -4681 -4813 -4883 -4893 -4946 -5045 -5156 -5249 -5276 -5306 -5285 -5294 -5373 -5581 -5620 -5593 -5565 -5461 -5492 -5413 -5255 -5181 -5190 -5341 -5070 -4576 -3355 -705 -25 -41 -75 -35
-4518 -4418 -4309 -4209 -4138 -4047 -3994 -3944 -3732 -3357 -3126 -2996 -2903 -2761 -2813 -2838 -2869 -2911 -2904 -2954 -2817 -2774 -2796 -2838 -2959 -3126 -3195 -3227 -3328 -3464 -3580 -3671 -3842 -3940 -3988 -4071 -4154 -4170 -4104 -4179 -4156 -4339 -4386 -4468 -4453 -4443 -4485 -4498 -4498 -4511 -4610 -4674 -4752 -4794 -4805 -4921 -4972 -5013 -5086 -5130 -5108 -5254 -5202 -5400 -5486 -5366 -5244 -5210 -5228 -5197 -5075 -4938 -5036 -5173 -5287 -5002 -4415 -3122 -486 430 291 261
-4487 -4336 -4228 -4130 -4064 -3968 -3946 -3820 -3023 -3134 -3193 -3098 -3076 -3009 -2936 -2855 -2826 -2828 -2825 -2806 -2855 -2890 -2853 -2815 -2769 -2959 -3015 -3098 -3185 -3260 -3430 -3539 -3657 -3734 -3908 -4030 -4050 -4011 -4025 -4023 -4077 -4148 -4278 -4363 -4359 -4334 -4386 -4454 -4464 -4509 -4586 -4614 -4638 -4726 -4754 -4817 -4886 -4865 -4875 -4946 -4982 -5192 -5094 -5136 -5202 -5185 -5135 -5175 -5136 -5084 -5018 -4921 -4860 -4838 -4973 -4913 -4775 -4336 -2122 247 579 225
-4449 -4292 -4153 -4020 -4003 -3938 -3827 -3329 -2472 -3407 -3277 -3169 -3260 -3122 -3110 -3137 -3136 -3110 -3090 -3061 -3035 -3057 -3107 -3061 -2987 -2923 -2873 -2920 -3041 -3159 -3254 -3440 -3483 -3589 -3720 -3838 -3912 -3908 -3915 -3975 -4017 -4082 -4132 -4277 -4278 -4260 -4272 -4365 -4368 -4500 -4483 -4469 -4605 -4566 -4576 -4731 -4795 -4753 -4736 -4787 -4837 -5097 -5067 -5112 -5078 -5046 -5013 -5005 -4949 -4840 -4745 -4767 -4816 -4750 -4693 -4708 -4814 -4649 -3432 -1191 149 -97
-4407 -4237 -4090 -4008 -3910 -3730 -3626 -3651 -3616 -3452 -3240 -3163 -3164 -3191 -3236 -3280 -3299 -3299 -3286 -3288 -3342 -3395 -3367 -3317 -3228 -3089 -3003 -2897 -2939 -3067 -3222 -3224 -3411 -3566 -3643 -3686 -3715 -3755 -3799 -3859 -3962 -4007 -4090 -4101 -4093 -4140 -4240 -4345 -4379 -4428 -4418 -4340 -4364 -4464 -4647 -4683 -4666 -4644 -4594 -4655 -4833 -4890 -5121 -5056 -4923 -4873 -4837 -4804 -4663 -4603 -4644 -4648 -4621 -4738 -4746 -4542 -4684 -4725 -3996 -3055 -2071 -2291
-3805 -3287 -3109 -3484 -3559 -3187 -3514 -3549 -3537 -3507 -3369 -3176 -3208 -3259 -3316 -3368 -3392 -3402 -3379 -3372 -3459 -3516 -3511 -3475 -3370 -3262 -3195 -3108 -3013 -2947 -3067 -3144 -3233 -3378 -3460 -3493 -3527 -3581 -3647 -3749 -3897 -3923 -3963 -3932 -3971 -4024 -4141 -4200 -4124 -4256 -4271 -4290 -4310 -4286 -4360 -4514 -4557 -4560 -4527 -4608 -4786 -4635 -4909 -4719 -4706 -4663 -4647 -4614 -4387 -4418 -4425 -4336 -4293 -4709 -4653 -4687 -4543 -4652 -3829 -2865 -2731 -3419
-1760 -982 -1640 -2488 -2398 -2197 -3089 -3418 -3443 -3430 -3390 -3182 -3241 -3317 -3401 -3455 -3488 -3571 -3598 -3621 -3629 -3621 -3607 -3550 -3509 -3459 -3428 -3330 -3180 -3029 -3001 -2963 -3012 -3102 -3197 -3193 -3263 -3345 -3411 -3516 -3604 -3605 -3732 -3781 -3887 -4010 -4078 -4074 -4028 -4058 -4116 -4157 -4213 -4271 -4295 -4367 -4387 -4425 -4379 -4452 -4622 -4419 -4413 -4523 -4492 -4452 -4407 -4409 -4311 -4265 -4227 -4155 -4051 -4417 -4486 -4584 -4513 -4516 -4278 -2935 -2050 -2027
-653 -418 -245 -358 -204 -422 -1503 -2627 -3017 -3193 -3161 -3178 -3274 -3366 -3476 -3572 -3650 -3727 -3785 -3809 -3792 -3715 -3709 -3677 -3669 -3636 -3588 -3496 -3323 -3147 -3013 -2935 -2858 -2774 -2791 -2891 -2957 -3064 -3156 -3267 -3383 -3473 -3485 -3530 -3618 -3718 -3831 -3871 -3859 -3870 -3900 -3915 -4010 -4089 -4091 -4211 -4171 -4263 -4120 -4235 -4335 -4298 -4230 -4355 -4288 -4248 -4217 -4202 -4130 -4019 -3930 -3930 -3887 -4068 -4124 -4199 -4367 -4407 -4216 -3511 -2403 -1408
-686 -206 -76 -44 -94 -1078 -1861 -2312 -2656 -2864 -3103 -3227 -3333 -3426 -3547 -3666 -3786 -3905 -3968 -3987 -3966 -3928 -3895 -3846 -3787 -3739 -3650 -3494 -3419 -3359 -3312 -3278 -3266 -3208 -3208 -3193 -3099 -2991 -2953 -3045 -3040 -3084 -3167 -3226 -3302 -3386 -3495 -3600 -3670 -3700 -3817 -3957 -3925 -3948 -4034 -3969 -3915 -3870 -3883 -4049 -4064 -4052 -4040 -4085 -4039 -3981 -3929 -3878 -3784 -3683 -3604 -3513 -3478 -3608 -4241 -4040 -4113 -4258 -4201 -4005 -2956 -2863
-1557 -735 29 98 -78 -691 -1510 -2110 -2546 -2809 -3110 -3276 -3392 -3517 -3629 -3763 -3953 -4033 -4125 -4147 -4126 -4078 -4022 -4004 -3934 -3819 -3702 -3588 -3511 -3455 -3413 -3403 -3434 -3414 -3390 -3373 -3340 -3295 -3186 -3124 -3094 -3090 -3134 -3099 -3147 -3173 -3152 -3166 -3330 -3488 -3560 -3623 -3599 -3553 -3981 -3658 -3796 -3936 -3745 -3814 -3865 -3853 -3774 -3758 -3736 -3697 -3588 -3468 -3380 -3289 -3182 -3104 -3064 -3229 -4045 -4020 -3817 -3836 -3799 -4194 -4238 -4352
-2419 -1887 -1039 -667 -543 -604 -646 -665 -1012 -1949 -3121 -3336 -3493 -3605 -3740 -3916 -4044 -4165 -4257 -4285 -4266 -4225 -4110 -4077 -4041 -3948 -3781 -3712 -3639 -3596 -3568 -3571 -3588 -3582 -3574 -3561 -3514 -3480 -3443 -3395 -3350 -3316 -3242 -3211 -3255 -3232 -3226 -3201 -3192 -3425 -3558 -3544 -3597 -3537 -4176 -3957 -3992 -4125 -4009 -4005 -4120 -3792 -3326 -3270 -3326 -3318 -3252 -3217 -3140 -3028 -2955 -2899 -2896 -3187 -3809 -3966 -3708 -3622 -3703 -4024 -4337 -4331
-3076 -2672 -2639 -2350 -953 -918 -548 -426 -420 -687 -1905 -3234 -3554 -3636 -3793 -3968 -4117 -4276 -4364 -4383 -4360 -4341 -4264 -4146 -4040 -3961 -3832 -3763 -3731 -3706 -3669 -3664 -3669 -3673 -3662 -3640 -3629 -3621 -3608 -3581 -3562 -3514 -3472 -3421 -3471 -3561 -3593 -3623 -3672 -3746 -3797 -3855 -3890 -3916 -4328 -4200 -4224 -4266 -4189 -4391 -4430 -3962 -3720 -3585 -3549 -3509 -3379 -3369 -3183 -3193 -3171 -3010 -2603 -2905 -3435 -3716 -3603 -3518 -3484 -3630 -4211 -4063
-4269 -4060 -3958 -3590 -2667 -1318 -498 -288 -272 -562 -747 -1353 -2614 -3627 -3986 -4174 -4347 -4388 -4482 -4486 -4454 -4419 -4378 -4259 -4118 -4040 -3948 -3839 -3832 -3771 -3743 -3740 -3741 -3732 -3720 -3707 -3704 -3713 -3718 -3715 -3692 -3656 -3644 -3586 -3579 -3679 -3789 -3840 -3903 -3929 -3947 -3988 -4049 -4088 -4407 -4293 -4412 -4470 -4552 -4604 -4479 -4088 -3973 -3903 -3829 -3738 -3626 -3545 -3529 -3519 -3401 -3081 -2637 -2767 -3082 -3421 -3406 -3233 -2939 -3364 -4028 -3946
-4535 -4389 -4171 -3969 -3535 -2038 -1092 -693 -717 -1024 -1368 -1315 -1827 -3766 -3410 -3150 -4423 -4456 -4471 -4535 -4522 -4498 -4446 -4361 -4311 -4202 -4134 -4053 -3951 -3901 -3866 -3819 -3792 -3759 -3745 -3766 -3775 -3779 -3801 -3805 -3764 -3738 -3678 -3533 -3636 -3725 -3901 -3983 -4038 -4108 -4129 -4164 -4250 -4355 -4418 -4389 -4514 -4583 -4640 -4721 -4544 -4318 -4265 -4135 -4057 -4006 -3813 -3688 -3686 -3640 -3476 -3460 -3668 -3291 -2999 -2944 -2699 -2791 -2834 -3241 -4222 -4294
